LabVIEW Measurement	
Writer_Version	2
Reader_Version	2
Separator	Tab
Decimal_Separator	.
Multi_Headings	No
X_Columns	One
Time_Pref	Absolute
Operator	berg group
Description	1st Column: Elasped Time (s), 2nd Column:  Balance Signal (V), 3rd Column:  Barrier Signal (V), 4th Column:  Molecular Area (A**2/molecule),5th Column:  Surface Pressure (mN/m)
Date	2016/04/12
Time	15:19:07.4375
***End_of_Header***	
	
Channels	4				
Samples	1	1	1	1	
Date	2016/04/12	2016/04/12	2016/04/12	2016/04/12	
Time	15:43:09.796875	15:43:09.796875	15:43:09.796875	15:43:09.796875	
X_Dimension	Time	Time	Time	Time	
X0	0.0000000000000000E+0	0.0000000000000000E+0	0.0000000000000000E+0	0.0000000000000000E+0	
Delta_X	1.000000	1.000000	1.000000	1.000000	
***End_of_Header***					
X_Value	Untitled	Untitled 1	Untitled 2	Untitled 3	Comment
0.000000	1.860023	0.199398	59.610250	-0.490364	0
0.562500	1.844341	0.198635	59.632788	-0.107248	0
1.031250	1.819516	0.199017	59.621519	0.499223	0
1.515625	1.836595	0.198890	59.625276	0.081983	0
2.000000	1.854372	0.198890	59.625276	-0.352319	0
2.546875	1.843706	0.198763	59.629032	-0.091738	0
2.968750	1.829865	0.197619	59.662839	0.246397	0
3.781250	1.832151	0.197746	59.659082	0.190558	0
4.234375	1.865801	0.197492	59.666595	-0.631512	0
5.171875	1.837420	0.200160	59.587712	0.061819	0
5.656250	1.863007	0.197873	59.655326	-0.563265	0
6.125000	1.845484	0.197238	59.674108	-0.135168	0
6.609375	1.856531	0.199652	59.602738	-0.405055	1
7.093750	1.868404	0.200160	59.587712	-0.695106	0
7.578125	1.825230	0.202828	59.508830	0.359626	0
8.046875	1.859960	0.203718	59.482535	-0.488813	0
8.531250	1.846817	0.206513	59.399896	-0.167740	0
9.000000	1.830246	0.206513	59.399896	0.237091	0
9.546875	1.864848	0.208673	59.336039	-0.608246	0
9.953125	1.827833	0.212485	59.223349	0.296032	0
10.437500	1.832468	0.212993	59.208324	0.182803	0
10.906250	1.861293	0.215026	59.148223	-0.521386	0
11.375000	1.839262	0.214899	59.151979	0.016838	0
11.921875	1.835389	0.217313	59.080609	0.111453	0
12.375000	1.837484	0.218202	59.054315	0.060268	0
12.828125	1.824976	0.220617	58.982945	0.365830	0
13.328125	1.864975	0.223158	58.907818	-0.611348	0
13.796875	1.863769	0.225826	58.828936	-0.581878	0
14.250000	1.830817	0.224047	58.881524	0.223131	0
14.734375	1.823262	0.228240	58.757566	0.407709	0
15.203125	1.850626	0.229765	58.712490	-0.260805	0
15.687500	1.871324	0.230654	58.686195	-0.766456	0
16.218750	1.844023	0.233068	58.614825	-0.099493	0
16.703125	1.861229	0.234847	58.562237	-0.519835	0
17.125000	1.833484	0.233831	58.592287	0.157986	0
17.609375	1.860531	0.237896	58.472085	-0.502773	0
18.093750	1.868531	0.240184	58.404471	-0.698209	0
18.625000	1.836214	0.241200	58.374421	0.091289	0
19.109375	1.831135	0.241708	58.359396	0.215376	0
19.593750	1.864467	0.244631	58.273000	-0.598940	0
20.062500	1.859452	0.246536	58.216655	-0.476405	0
20.578125	1.842817	0.246791	58.209143	-0.070023	0
21.000000	1.831643	0.249713	58.122747	0.202967	0
21.484375	1.834627	0.252127	58.051377	0.130066	0
21.937500	1.824786	0.252127	58.051377	0.370483	0
22.406250	1.841865	0.254668	57.976251	-0.046756	0
22.968750	1.868785	0.254668	57.976251	-0.704413	0
23.453125	1.854118	0.257591	57.889856	-0.346114	0
23.937500	1.836468	0.260132	57.814729	0.085085	0
24.421875	1.835960	0.261148	57.784679	0.097494	0
24.859375	1.840404	0.261911	57.762141	-0.011082	0
25.312500	1.868912	0.264706	57.679502	-0.707515	0
25.781250	1.857547	0.266739	57.619400	-0.429872	0
26.265625	1.846690	0.267120	57.608131	-0.164638	0
26.750000	1.824722	0.271313	57.484173	0.372034	0
27.281250	1.857991	0.271567	57.476660	-0.440730	0
27.703125	1.868785	0.272583	57.446610	-0.704413	0
28.203125	1.865991	0.274489	57.390265	-0.636166	0
28.640625	1.854245	0.275125	57.371483	-0.349216	0
29.125000	1.871451	0.277793	57.292601	-0.769558	0
29.671875	1.833801	0.279953	57.228743	0.150230	0
30.140625	1.854563	0.279572	57.240012	-0.356972	0
30.625000	1.862309	0.282113	57.164886	-0.546203	0
31.109375	1.875134	0.285162	57.074734	-0.859521	0
31.640625	1.854055	0.286052	57.048440	-0.344563	0
32.062500	1.867959	0.286179	57.044683	-0.684249	0
32.546875	1.869547	0.289101	56.958288	-0.723026	0
33.015625	1.856087	0.292659	56.853111	-0.394198	0
33.500000	1.865229	0.292913	56.845598	-0.617553	0
34.031250	1.847515	0.294056	56.811792	-0.184802	0
34.515625	1.868531	0.296470	56.740421	-0.698209	0
34.984375	1.867959	0.297741	56.702858	-0.684249	0
35.437500	1.872023	0.300663	56.616463	-0.783518	0
35.828125	1.869102	0.302442	56.563874	-0.712168	0
36.343750	1.842944	0.302061	56.575143	-0.073125	0
36.812500	1.835643	0.304983	56.488748	0.105249	0
37.265625	1.831325	0.306127	56.454941	0.210722	0
37.750000	1.841992	0.308287	56.391084	-0.049859	0
38.281250	1.865229	0.310193	56.334739	-0.617553	0
38.703125	1.859198	0.311082	56.308445	-0.470200	0
39.187500	1.842436	0.314131	56.218293	-0.060716	0
39.671875	1.839325	0.312734	56.259612	0.015287	0
40.125000	1.850436	0.315910	56.165704	-0.256152	0
40.671875	1.822627	0.318324	56.094334	0.423220	0
41.156250	1.846627	0.318960	56.075553	-0.163087	0
41.625000	1.860848	0.320993	56.015452	-0.510528	0
42.109375	1.866182	0.323280	55.947838	-0.640819	0
42.656250	1.852658	0.323788	55.932813	-0.310439	0
43.093750	1.833547	0.325313	55.887737	0.156435	0
43.578125	1.842817	0.326964	55.838905	-0.070023	0
44.046875	1.822310	0.328489	55.793829	0.430975	0
44.531250	1.847515	0.331920	55.692408	-0.184802	0
45.078125	1.859007	0.333698	55.639820	-0.465547	0
45.546875	1.843389	0.336113	55.568450	-0.083982	0
45.968750	1.829992	0.335858	55.575962	0.243295	0
46.453125	1.837293	0.338018	55.512105	0.064921	0
46.953125	1.862817	0.339670	55.463273	-0.558612	0
47.484375	1.829230	0.341830	55.399415	0.261908	0
47.968750	1.831389	0.342084	55.391902	0.209171	0
48.406250	1.844341	0.344753	55.313020	-0.107248	0
48.890625	1.832468	0.343990	55.335558	0.182803	0
49.437500	1.836278	0.347929	55.219112	0.089738	0
49.843750	1.853484	0.351487	55.113935	-0.330603	0
50.328125	1.843896	0.352122	55.095153	-0.096391	0
50.812500	1.825357	0.354155	55.035052	0.356524	0
51.281250	1.855579	0.352884	55.072615	-0.381789	0
51.828125	1.857166	0.354028	55.038808	-0.420566	0
52.281250	1.860785	0.358602	54.903581	-0.508977	0
52.734375	1.854309	0.358475	54.907337	-0.350767	0
53.218750	1.834563	0.361143	54.828454	0.131617	0
53.687500	1.833928	0.363049	54.772110	0.147128	0
54.156250	1.830944	0.364065	54.742059	0.220029	0
54.609375	1.826881	0.365971	54.685714	0.319298	0
55.062500	1.827325	0.366988	54.655664	0.308440	0
55.500000	1.828913	0.368767	54.603075	0.269663	0
55.953125	1.838436	0.373214	54.471604	0.037002	0
56.437500	1.834309	0.372578	54.490386	0.137822	0
56.953125	1.840404	0.375501	54.403990	-0.011082	0
57.468750	1.841674	0.376263	54.381452	-0.042103	0
57.937500	1.858182	0.377279	54.351402	-0.445383	0
58.515625	1.842246	0.378931	54.302570	-0.056063	0
59.015625	1.856087	0.380964	54.242468	-0.394198	0
59.531250	1.841865	0.382743	54.189880	-0.046756	0
60.015625	1.825167	0.385411	54.110997	0.361177	0
60.484375	1.836405	0.387444	54.050896	0.086636	0
60.968750	1.864912	0.389096	54.002064	-0.609797	0
61.453125	1.844912	0.390366	53.964501	-0.121208	0
61.937500	1.828532	0.393670	53.866836	0.278970	0
62.421875	1.841547	0.395322	53.818004	-0.039001	0
62.968750	1.854753	0.394051	53.855567	-0.361625	0
63.375000	1.829040	0.396973	53.769172	0.266561	0
63.859375	1.822056	0.398879	53.712827	0.437179	0
64.343750	1.829929	0.401548	53.633945	0.244846	0
64.828125	1.818310	0.401039	53.648970	0.528693	0
65.375000	1.857483	0.403072	53.588869	-0.428321	0
65.859375	1.867134	0.404978	53.532524	-0.664085	0
66.328125	1.867134	0.405232	53.525011	-0.664085	0
66.765625	1.860150	0.408917	53.416078	-0.493467	0
67.312500	1.862944	0.412093	53.322170	-0.561714	0
67.703125	1.845928	0.413364	53.284607	-0.146025	0
68.187500	1.841230	0.413364	53.284607	-0.031246	0
68.656250	1.824595	0.414635	53.247044	0.375136	0
69.140625	1.843262	0.418446	53.134354	-0.080880	0
69.687500	1.852912	0.418446	53.134354	-0.316644	0
70.156250	1.835579	0.420606	53.070497	0.106800	0
70.578125	1.839008	0.423656	52.980345	0.023042	0
71.046875	1.846119	0.422766	53.006639	-0.150679	0
71.546875	1.856658	0.425053	52.939025	-0.408157	0
72.171875	1.844023	0.428484	52.837605	-0.099493	0
72.656250	1.855325	0.429373	52.811310	-0.375585	0
73.156250	1.849674	0.431406	52.751209	-0.237539	0
73.640625	1.858880	0.433947	52.676083	-0.462445	0
74.187500	1.843389	0.433312	52.694864	-0.083982	0
74.609375	1.836595	0.437124	52.582175	0.081983	0
75.078125	1.835262	0.437124	52.582175	0.114556	0
75.515625	1.847452	0.439538	52.510805	-0.183251	0
76.046875	1.828532	0.439284	52.518317	0.278970	0
76.578125	1.838246	0.443350	52.398115	0.041655	0
77.062500	1.845484	0.445383	52.338014	-0.135168	0
77.546875	1.834881	0.447416	52.277913	0.123862	0
78.031250	1.818500	0.447543	52.274157	0.524040	0
78.578125	1.832087	0.450338	52.191518	0.192109	0
78.984375	1.857039	0.452117	52.138929	-0.417464	0
79.468750	1.839770	0.455039	52.052534	0.004429	0
79.953125	1.841166	0.455039	52.052534	-0.029695	0
80.390625	1.863007	0.456310	52.014970	-0.563265	0
80.937500	1.822881	0.457453	51.981164	0.417016	0
81.437500	1.816913	0.459232	51.928575	0.562817	0
81.890625	1.817738	0.462408	51.834667	0.542653	0
82.328125	1.838627	0.463933	51.789591	0.032348	0
82.812500	1.829865	0.465458	51.744515	0.246397	0
83.296875	1.852277	0.466474	51.714465	-0.301133	0
83.781250	1.845928	0.469015	51.639338	-0.146025	0
84.234375	1.847325	0.472065	51.549187	-0.180149	0
84.671875	1.845865	0.471048	51.579237	-0.144474	0
85.125000	1.855769	0.475495	51.447766	-0.386442	0
85.609375	1.855579	0.474098	51.489086	-0.381789	0
86.062500	1.853420	0.476385	51.421472	-0.329052	0
86.531250	1.832595	0.479053	51.342589	0.179701	0
87.015625	1.835008	0.481594	51.267463	0.120760	0
87.562500	1.836659	0.481467	51.271219	0.080432	0
87.953125	1.857039	0.482992	51.226143	-0.417464	0
88.421875	1.852849	0.484517	51.181067	-0.315093	0
88.906250	1.834817	0.485152	51.162286	0.125413	0
89.390625	1.812786	0.488074	51.075890	0.663637	0
89.921875	1.835325	0.489726	51.027058	0.113004	0
90.406250	1.830817	0.491378	50.978226	0.223131	0
90.906250	1.821484	0.494300	50.891831	0.451139	0
91.390625	1.820786	0.494427	50.888074	0.468201	0
91.875000	1.852214	0.496841	50.816704	-0.299582	0
92.312500	1.815770	0.498747	50.760359	0.590736	0
92.781250	1.821992	0.501288	50.685233	0.438731	0
93.234375	1.813104	0.502178	50.658939	0.655881	0
93.718750	1.827262	0.503957	50.606350	0.309991	0
94.250000	1.839960	0.504465	50.591325	-0.000224	0
94.671875	1.831452	0.507387	50.504930	0.207620	0
95.156250	1.832913	0.508149	50.482392	0.171945	0
95.609375	1.849992	0.510309	50.418534	-0.245294	0
96.093750	1.824087	0.511707	50.377215	0.387545	0
96.640625	1.825675	0.514756	50.287063	0.348768	0
97.125000	1.825484	0.516281	50.241987	0.353421	0
97.578125	1.826119	0.516916	50.223206	0.337911	0
98.015625	1.827897	0.520220	50.125541	0.294480	0
98.453125	1.814627	0.520855	50.106760	0.618655	0
98.937500	1.844341	0.523269	50.035390	-0.107248	0
99.421875	1.829230	0.523269	50.035390	0.261908	0
99.906250	1.815707	0.523905	50.016608	0.592287	0
100.390625	1.806183	0.526319	49.945238	0.824949	0
100.953125	1.818056	0.528606	49.877624	0.534897	0
101.359375	1.840214	0.530258	49.828792	-0.006428	0
101.843750	1.826691	0.530639	49.817523	0.323951	0
102.328125	1.821357	0.533561	49.731128	0.454241	0
102.812500	1.809294	0.535848	49.663514	0.748946	0
103.359375	1.844150	0.538008	49.599657	-0.102595	0
103.843750	1.824722	0.537627	49.610925	0.372034	0
104.328125	1.798564	0.539660	49.550824	1.011078	0
104.812500	1.838627	0.541947	49.483211	0.032348	0
105.359375	1.824786	0.545123	49.389303	0.370483	0
105.765625	1.805485	0.544996	49.393059	0.842011	0
106.250000	1.816532	0.547029	49.332958	0.572123	0
106.734375	1.832849	0.549570	49.257831	0.173496	0
107.218750	1.838119	0.550968	49.216512	0.044757	0
107.765625	1.814627	0.552366	49.175192	0.618655	0
108.234375	1.804659	0.552239	49.178949	0.862175	0
108.718750	1.807707	0.555034	49.096310	0.787723	0
109.203125	1.817929	0.557956	49.009914	0.537999	0
109.750000	1.815580	0.560752	48.927275	0.595389	0
110.156250	1.839897	0.561260	48.912250	0.001327	0
110.640625	1.830309	0.562657	48.870930	0.235540	0
111.109375	1.831389	0.564309	48.822098	0.209171	0
111.562500	1.839897	0.564182	48.825855	0.001327	0
112.109375	1.824976	0.568248	48.705652	0.365830	0
112.593750	1.811707	0.568883	48.686871	0.690005	0
113.062500	1.817040	0.569900	48.656820	0.559715	0
113.546875	1.840278	0.573076	48.562912	-0.007980	0
114.078125	1.831198	0.573839	48.540374	0.213824	0
114.515625	1.806373	0.577904	48.420172	0.820295	0
114.984375	1.802755	0.577777	48.423928	0.908707	0
115.468750	1.820087	0.580827	48.333777	0.485263	0
115.953125	1.819008	0.582606	48.281188	0.511631	0
116.453125	1.811961	0.583114	48.266163	0.683801	0
116.875000	1.795453	0.584893	48.213574	1.087081	0
117.359375	1.807008	0.586799	48.157229	0.804785	0
117.843750	1.795009	0.587561	48.134692	1.097938	0
118.328125	1.801167	0.589213	48.085859	0.947484	0
118.843750	1.813929	0.590356	48.052053	0.635717	0
119.312500	1.834690	0.593024	47.973170	0.128515	0
119.812500	1.822754	0.595057	47.913069	0.420118	0
120.296875	1.809992	0.596201	47.879262	0.731884	0
120.843750	1.805167	0.598869	47.800379	0.849766	0
121.218750	1.800215	0.599377	47.785354	0.970750	0
121.703125	1.803135	0.601537	47.721496	0.899400	0
122.156250	1.816215	0.603443	47.665152	0.579879	0
122.640625	1.819008	0.605095	47.616319	0.511631	0
123.156250	1.813357	0.605476	47.605050	0.649677	0
123.625000	1.795453	0.607763	47.537437	1.087081	0
124.109375	1.787136	0.611829	47.417234	1.290272	0
124.593750	1.794437	0.611067	47.439772	1.111898	0
124.984375	1.784342	0.612973	47.383427	1.358519	0
125.531250	1.802056	0.613862	47.357133	0.925769	0
126.000000	1.822691	0.615641	47.304545	0.421669	0
126.484375	1.817992	0.617293	47.255713	0.536448	0
126.937500	1.812024	0.618944	47.206880	0.682250	0
127.484375	1.816786	0.621358	47.135510	0.565919	0
127.890625	1.782628	0.622121	47.112972	1.400398	0
128.375000	1.785993	0.625805	47.004039	1.318191	0
128.859375	1.786755	0.626568	46.981501	1.299578	0
129.328125	1.784723	0.628601	46.921400	1.349213	0
129.875000	1.799390	0.632285	46.812467	0.990914	0
130.359375	1.804977	0.631650	46.831248	0.854419	0
130.796875	1.789295	0.634572	46.744853	1.237535	0
131.265625	1.799897	0.633937	46.763635	0.978505	0
131.750000	1.803580	0.636478	46.688508	0.888543	0
132.203125	1.806881	0.638638	46.624651	0.807887	0
132.687500	1.807897	0.640036	46.583331	0.783070	0
133.125000	1.790755	0.641688	46.534499	1.201860	0
133.609375	1.779453	0.642450	46.511961	1.477952	0
134.140625	1.803834	0.643339	46.485667	0.882339	0
134.562500	1.771898	0.647024	46.376734	1.662530	0
135.046875	1.775581	0.647659	46.357952	1.572568	0
135.531250	1.769041	0.649565	46.301607	1.732329	0
136.015625	1.765168	0.649819	46.294095	1.826944	0
136.515625	1.776152	0.653631	46.181405	1.558608	0
137.000000	1.771771	0.651852	46.233993	1.665632	0
137.468750	1.801231	0.655791	46.117548	0.945933	0
137.953125	1.805421	0.658332	46.042421	0.843562	0
138.484375	1.772787	0.660873	45.967295	1.640815	0
138.937500	1.794691	0.662779	45.910950	1.105694	0
139.406250	1.768279	0.660873	45.967295	1.750941	0
139.890625	1.781549	0.666083	45.813286	1.426766	0
140.375000	1.804532	0.666337	45.805773	0.865277	0
140.921875	1.791580	0.666718	45.794504	1.181696	0
141.390625	1.786945	0.668751	45.734403	1.294925	0
141.781250	1.769358	0.672436	45.625470	1.724573	0
142.265625	1.786564	0.672309	45.629226	1.304231	0
142.750000	1.776152	0.673706	45.587906	1.558608	0
143.296875	1.760724	0.675866	45.524049	1.935520	0
143.781250	1.757486	0.677645	45.471460	2.014624	0
144.281250	1.773612	0.679170	45.426385	1.620651	0
144.765625	1.746057	0.681584	45.355015	2.293818	0
145.312500	1.772216	0.683744	45.291157	1.654775	0
145.718750	1.795326	0.684252	45.276132	1.090183	0
146.203125	1.790374	0.686920	45.197249	1.211167	0
146.703125	1.777231	0.689462	45.122123	1.532240	0
147.187500	1.767708	0.689970	45.107097	1.764901	0
147.718750	1.778882	0.693146	45.013189	1.491912	0
148.203125	1.757486	0.692003	45.046996	2.014624	0
148.671875	1.769676	0.692765	45.024458	1.716818	0
149.156250	1.773612	0.697466	44.885474	1.620651	0
149.687500	1.767454	0.698737	44.847911	1.771105	0
150.078125	1.756851	0.700134	44.806592	2.030135	0
150.546875	1.769485	0.701278	44.772785	1.721471	0
151.031250	1.769168	0.701532	44.765272	1.729226	0
151.484375	1.751835	0.705598	44.645070	2.152670	0
152.015625	1.768978	0.707377	44.592481	1.733880	0
152.500000	1.761676	0.706360	44.622532	1.912253	0
152.984375	1.740280	0.709918	44.517355	2.434966	0
153.453125	1.778501	0.712586	44.438472	1.501218	0
153.937500	1.770438	0.713984	44.397153	1.698205	0
154.421875	1.749613	0.715636	44.348321	2.206958	0
154.890625	1.755581	0.716779	44.314514	2.061157	0
155.375000	1.779390	0.716779	44.314514	1.479503	0
155.859375	1.760787	0.721226	44.183043	1.933969	0
156.390625	1.751581	0.721861	44.164261	2.158875	0
156.812500	1.770755	0.722751	44.137967	1.690449	0
157.296875	1.736597	0.725038	44.070353	2.524929	0
157.781250	1.755200	0.726563	44.025277	2.070463	0
158.265625	1.762184	0.729612	43.935125	1.899845	0
158.796875	1.769930	0.731518	43.878781	1.710613	0
159.281250	1.770819	0.732407	43.852486	1.688898	0
159.718750	1.732978	0.733932	43.807411	2.613340	0
160.203125	1.763200	0.735330	43.766091	1.875028	0
160.718750	1.761867	0.737108	43.713503	1.907600	0
161.125000	1.737613	0.741047	43.597057	2.500112	0
161.609375	1.720852	0.741174	43.593300	2.909596	0
162.078125	1.743835	0.742699	43.548224	2.348106	0
162.562500	1.750184	0.743080	43.536955	2.192998	0
163.109375	1.749168	0.746130	43.446804	2.217816	0
163.500000	1.758311	0.747400	43.409241	1.994461	0
163.984375	1.760660	0.750068	43.330358	1.937071	0
164.437500	1.727137	0.749814	43.337870	2.756039	0
164.921875	1.748978	0.752483	43.258988	2.222469	0
165.453125	1.717741	0.755913	43.157567	2.985599	0
165.937500	1.725042	0.755786	43.161323	2.807225	0
166.421875	1.709487	0.756548	43.138786	3.187238	0
166.921875	1.747962	0.759979	43.037365	2.247286	0
167.453125	1.742248	0.761122	43.003558	2.386883	0
167.875000	1.717614	0.761885	42.981020	2.988701	0
168.390625	1.749486	0.764680	42.898381	2.210060	0
168.875000	1.750946	0.765697	42.868330	2.174385	0
169.312500	1.750819	0.767348	42.819498	2.177488	0
169.828125	1.735327	0.769762	42.748128	2.555950	0
170.312500	1.729296	0.771668	42.691783	2.703303	0
170.796875	1.708852	0.772431	42.669245	3.202749	0
171.265625	1.714312	0.773828	42.627926	3.069357	0
171.765625	1.712788	0.776115	42.560312	3.106582	0
172.171875	1.738375	0.776751	42.541531	2.481499	0
172.656250	1.742057	0.779165	42.470160	2.391536	0
173.093750	1.755835	0.780308	42.436354	2.054952	0
173.578125	1.718883	0.781960	42.387521	2.957679	0
174.125000	1.709169	0.784120	42.323664	3.194994	0
174.546875	1.702757	0.784120	42.323664	3.351653	0
175.031250	1.703646	0.786153	42.263563	3.329938	0
175.484375	1.706249	0.789838	42.154630	3.266343	0
175.953125	1.694630	0.789965	42.150873	3.550190	0
176.500000	1.735645	0.790854	42.124579	2.548195	0
176.984375	1.717550	0.792506	42.075747	2.990252	0
177.453125	1.691265	0.796191	41.966814	3.632397	0
177.968750	1.696598	0.797842	41.917981	3.502107	0
178.500000	1.701614	0.800638	41.835342	3.379572	0
178.890625	1.700408	0.802798	41.771485	3.409042	0
179.343750	1.704915	0.802035	41.794023	3.298916	0
179.796875	1.708026	0.804958	41.707627	3.222913	0
180.281250	1.701233	0.804576	41.718896	3.388878	0
180.812500	1.706630	0.807118	41.643770	3.257037	0
181.296875	1.695328	0.810294	41.549862	3.533129	0
181.781250	1.686503	0.811438	41.516055	3.748728	0
182.250000	1.714249	0.812327	41.489761	3.070908	0
182.734375	1.709550	0.814360	41.429660	3.185687	0
183.234375	1.705741	0.814868	41.414634	3.278752	0
183.718750	1.680154	0.817918	41.324483	3.903836	0
184.187500	1.681614	0.821348	41.223062	3.868161	0
184.640625	1.698566	0.821221	41.226818	3.454024	0
185.187500	1.703773	0.823127	41.170474	3.326835	0
185.578125	1.702058	0.825033	41.114129	3.368714	0
186.031250	1.683202	0.825033	41.114129	3.829384	0
186.515625	1.693868	0.828336	41.016465	3.568803	0
186.984375	1.713423	0.830242	40.960120	3.091072	0
187.546875	1.697043	0.831513	40.922556	3.491250	0
188.031250	1.673805	0.833165	40.873724	4.058944	0
188.515625	1.695201	0.835070	40.817380	3.536231	0
189.000000	1.670440	0.838247	40.723472	4.141151	0
189.531250	1.672599	0.839517	40.685908	4.088414	0
189.921875	1.699836	0.840534	40.655858	3.423002	0
190.406250	1.699773	0.841423	40.629564	3.424553	0
190.843750	1.702185	0.843583	40.565706	3.365612	0
191.296875	1.699582	0.844092	40.550681	3.429206	0
191.781250	1.663520	0.846124	40.490580	4.310218	0
192.218750	1.698249	0.847141	40.460529	3.461779	0
192.687500	1.697424	0.850063	40.374134	3.481943	0
193.140625	1.679392	0.852604	40.299007	3.922449	0
193.609375	1.647901	0.851588	40.329058	4.691783	0
194.156250	1.690440	0.854256	40.250175	3.652561	0
194.578125	1.659583	0.857433	40.156267	4.406385	0
195.062500	1.681043	0.859339	40.099922	3.882121	0
195.546875	1.683329	0.861499	40.036065	3.826282	0
196.000000	1.685043	0.863023	39.990989	3.784403	0
196.562500	1.681043	0.862642	40.002258	3.882121	0
197.031250	1.664091	0.865056	39.930888	4.296258	0
197.515625	1.641552	0.866454	39.889568	4.846891	0
198.000000	1.661107	0.868487	39.829467	4.369159	0
198.546875	1.665107	0.870647	39.765610	4.271441	0
198.968750	1.668853	0.870647	39.765610	4.179928	0
199.406250	1.656536	0.871917	39.728047	4.480836	0
199.875000	1.658377	0.876618	39.589063	4.435855	0
200.328125	1.647456	0.877000	39.577794	4.702640	0
200.859375	1.650377	0.877127	39.574037	4.631291	0
201.296875	1.635647	0.879668	39.498911	4.991141	0
201.781250	1.654377	0.881828	39.435054	4.533573	0
202.250000	1.660218	0.883480	39.386221	4.390874	0
202.687500	1.632536	0.885767	39.318608	5.067143	0
203.250000	1.667519	0.887291	39.273532	4.212500	0
203.734375	1.676027	0.888689	39.232212	4.004656	0
204.203125	1.631584	0.889451	39.209674	5.090410	0
204.687500	1.621806	0.892374	39.123279	5.329275	0
205.234375	1.638631	0.893517	39.089472	4.918240	0
205.656250	1.660282	0.894788	39.051909	4.389323	0
206.125000	1.648472	0.897837	38.961757	4.677823	0
206.609375	1.622187	0.899743	38.905412	5.319969	0
207.093750	1.619140	0.900251	38.890387	5.394421	0
207.593750	1.617171	0.903682	38.788967	5.442504	0
208.046875	1.616219	0.904571	38.762672	5.465770	0
208.484375	1.612283	0.904571	38.762672	5.561937	0
208.968750	1.628536	0.906858	38.695059	5.164861	0
209.390625	1.646568	0.909527	38.616176	4.724355	0
209.921875	1.617679	0.912957	38.514755	5.430095	0
210.406250	1.615838	0.912957	38.514755	5.475077	0
210.843750	1.637869	0.913592	38.495974	4.936853	0
211.328125	1.600600	0.915625	38.435872	5.847335	0
211.875000	1.617362	0.917658	38.375771	5.437851	0
212.281250	1.636790	0.920199	38.300645	4.963221	0
212.765625	1.633171	0.921470	38.263082	5.051633	0
213.250000	1.627584	0.922995	38.218006	5.188127	0
213.703125	1.620981	0.924392	38.176686	5.349439	0
214.234375	1.593045	0.926044	38.127854	6.031913	0
214.734375	1.638441	0.927823	38.075266	4.922893	0
215.218750	1.613235	0.929602	38.022677	5.538671	0
215.687500	1.586315	0.931254	37.973845	6.196327	0
216.234375	1.589235	0.933286	37.913744	6.124978	0
216.640625	1.622505	0.933032	37.921257	5.312214	0
217.109375	1.605362	0.936844	37.808567	5.731004	0
217.593750	1.589807	0.937988	37.774760	6.111018	0
218.078125	1.573299	0.936463	37.819836	6.514298	0
218.625000	1.612917	0.942053	37.654558	5.546426	0
219.093750	1.611140	0.942689	37.635776	5.589856	0
219.484375	1.609679	0.943705	37.605726	5.625531	0
219.937500	1.612727	0.945992	37.538112	5.551079	0
220.390625	1.612917	0.946500	37.523087	5.546426	0
220.890625	1.590505	0.948279	37.470498	6.093956	0
221.375000	1.572347	0.950312	37.410397	6.537564	0
221.859375	1.571903	0.952726	37.339027	6.548422	0
222.296875	1.586505	0.952980	37.331514	6.191674	0
222.734375	1.575014	0.954251	37.293951	6.472419	0
223.265625	1.592473	0.957936	37.185018	6.045873	0
223.750000	1.586759	0.959587	37.136186	6.185470	0
224.203125	1.595585	0.962764	37.042278	5.969870	0
224.687500	1.591458	0.963018	37.034765	6.070690	0
225.234375	1.571458	0.963399	37.023496	6.559279	0
225.640625	1.581871	0.965559	36.959639	6.304903	0
226.125000	1.586315	0.967846	36.892025	6.196327	0
226.609375	1.584982	0.968482	36.873243	6.228900	0
227.078125	1.552665	0.971023	36.798117	7.018398	0
227.640625	1.573680	0.971785	36.775579	6.504992	0
228.109375	1.561681	0.974707	36.689183	6.798145	0
228.593750	1.552792	0.976232	36.644108	7.015296	0
229.078125	1.551205	0.977503	36.606544	7.054073	0
229.578125	1.540475	0.978773	36.568981	7.316205	0
230.015625	1.556030	0.982839	36.448779	6.936191	0
230.484375	1.563585	0.983347	36.433754	6.751613	0
230.921875	1.571776	0.984237	36.407459	6.551524	0
231.406250	1.551839	0.984745	36.392434	7.038562	0
231.937500	1.535205	0.986397	36.343602	7.444944	0
232.359375	1.560792	0.990081	36.234669	6.819860	0
232.843750	1.564030	0.991352	36.197105	6.740755	0
233.296875	1.552538	0.994274	36.110710	7.021500	0
233.781250	1.525618	0.994274	36.110710	7.679157	0
234.328125	1.549935	0.996943	36.031827	7.085094	0
234.812500	1.558506	0.997832	36.005533	6.875699	0
235.281250	1.530380	1.000119	35.937919	7.562826	0
235.796875	1.546189	1.000119	35.937919	7.176608	0
236.328125	1.546760	1.003296	35.844011	7.162648	0
236.718750	1.523904	1.005710	35.772641	7.721036	0
237.203125	1.531713	1.006345	35.753860	7.530253	0
237.687500	1.523459	1.010157	35.641170	7.731893	0
238.171875	1.504412	1.010030	35.644926	8.197216	0
238.718750	1.527332	1.010792	35.622388	7.637278	0
239.203125	1.516031	1.012063	35.584825	7.913369	0
239.687500	1.509809	1.016510	35.453354	8.065375	0
240.171875	1.501364	1.015239	35.490917	8.271668	0
240.718750	1.504094	1.019432	35.366959	8.204972	0
241.093750	1.491079	1.018670	35.389497	8.522942	0
241.578125	1.513745	1.022481	35.276807	7.969208	0
242.062500	1.517935	1.024514	35.216706	7.866837	0
242.546875	1.516856	1.025277	35.194168	7.893205	0
243.046875	1.511205	1.027945	35.115285	8.031251	0
243.531250	1.505872	1.027691	35.122798	8.161541	0
243.890625	1.512412	1.030359	35.043915	8.001781	0
244.343750	1.509364	1.031884	34.998839	8.076232	0
244.796875	1.497428	1.033408	34.953763	8.367835	0
245.328125	1.471143	1.035060	34.904931	9.009980	0
246.140625	1.481365	1.037855	34.822292	8.760257	0
246.625000	1.465429	1.040651	34.739653	9.149577	0
247.109375	1.455778	1.040397	34.747166	9.385341	0
247.640625	1.487333	1.045225	34.604426	8.614456	0
248.125000	1.475524	1.045987	34.581888	8.902956	0
248.609375	1.468476	1.047893	34.525543	9.075126	0
249.093750	1.455080	1.050053	34.461685	9.402403	0
249.625000	1.460667	1.050180	34.457929	9.265908	0
250.000000	1.472476	1.051832	34.409097	8.977408	0
250.484375	1.465365	1.053865	34.348996	9.151128	0
250.937500	1.453556	1.055771	34.292651	9.439629	0
251.421875	1.455969	1.058058	34.225037	9.380688	0
251.968750	1.469238	1.060218	34.161180	9.056513	0
252.453125	1.463968	1.058312	34.217525	9.185252	0
252.921875	1.467333	1.061234	34.131129	9.103045	0
253.406250	1.422953	1.062886	34.082297	10.187248	0
253.953125	1.444921	1.064665	34.029709	9.650575	0
254.390625	1.459715	1.066825	33.965851	9.289174	0
254.890625	1.453619	1.069493	33.886968	9.438078	0
255.375000	1.450699	1.069239	33.894481	9.509427	0
255.812500	1.420160	1.073432	33.770523	10.255495	0
256.359375	1.403271	1.073051	33.781792	10.668081	0
256.828125	1.424604	1.073813	33.759254	10.146920	0
257.250000	1.432033	1.074702	33.732959	9.965444	0
257.734375	1.425303	1.080039	33.575194	10.129858	0
258.187500	1.430572	1.080801	33.552656	10.001118	0
258.703125	1.417430	1.083215	33.481286	10.322191	0
259.187500	1.411462	1.084994	33.428697	10.467992	0
259.656250	1.407652	1.086265	33.391134	10.561057	0
260.109375	1.426890	1.087154	33.364840	10.091081	0
260.656250	1.402319	1.088043	33.338546	10.691348	0
261.078125	1.380478	1.091728	33.229612	11.224918	0
261.562500	1.391272	1.093253	33.184537	10.961235	0
262.046875	1.376796	1.094905	33.135704	11.314880	0
262.531250	1.382065	1.094396	33.150730	11.186141	0
263.031250	1.388732	1.097065	33.071847	11.023278	0
263.515625	1.397367	1.098208	33.038040	10.812332	0
263.937500	1.396922	1.102147	32.921594	10.823189	0
264.390625	1.396795	1.101257	32.947888	10.826291	0
264.828125	1.376859	1.103926	32.869006	11.313329	0
265.375000	1.353685	1.105069	32.835199	11.879472	0
265.859375	1.343209	1.107610	32.760072	12.135400	0
266.359375	1.361621	1.107737	32.756316	11.685588	0
266.843750	1.369304	1.111549	32.643626	11.497907	0
267.375000	1.386446	1.112439	32.617332	11.079117	0
267.796875	1.340543	1.113963	32.572256	12.200545	0
268.281250	1.332797	1.113582	32.583525	12.389777	0
268.765625	1.339273	1.116886	32.485861	12.231567	0
269.250000	1.326829	1.116759	32.489617	12.535578	0
269.781250	1.349812	1.121333	32.354390	11.974088	0
270.265625	1.344098	1.122349	32.324339	12.113685	0
270.750000	1.332924	1.123747	32.283020	12.386674	0
271.234375	1.314829	1.127050	32.185355	12.828731	0
271.781250	1.316924	1.128575	32.140280	12.777546	0
272.187500	1.345177	1.129719	32.106473	12.087317	0
272.671875	1.345050	1.130608	32.080178	12.090419	0
273.125000	1.343527	1.131370	32.057640	12.127645	0
273.609375	1.334955	1.133657	31.990027	12.337040	0
274.156250	1.311527	1.134674	31.959976	12.909387	0
274.640625	1.327590	1.137977	31.862312	12.516965	0
275.125000	1.318003	1.138613	31.843530	12.751177	0
275.593750	1.289877	1.141027	31.772160	13.438304	0
276.156250	1.290829	1.141281	31.764647	13.415038	0
276.531250	1.317115	1.142678	31.723328	12.772892	0
277.015625	1.316734	1.146490	31.610638	12.782199	0
277.453125	1.312988	1.146363	31.614395	12.873712	0
277.937500	1.310702	1.148396	31.554294	12.929551	0
278.453125	1.299210	1.151064	31.475411	13.210296	0
278.875000	1.277052	1.152208	31.441604	13.751622	0
279.359375	1.286258	1.155384	31.347696	13.526716	0
279.843750	1.278449	1.156401	31.317645	13.717498	0
280.328125	1.286195	1.157290	31.291351	13.528267	0
280.875000	1.283274	1.156274	31.321402	13.599616	0
281.359375	1.298321	1.158053	31.268813	13.232011	0
281.843750	1.267401	1.157925	31.272570	13.987386	0
282.312500	1.252989	1.156528	31.313889	14.339480	0
282.875000	1.271909	1.157544	31.283838	13.877259	0
283.296875	1.282068	1.157417	31.287595	13.629087	0
283.781250	1.286449	1.155130	31.355209	13.522063	0
284.265625	1.285369	1.157417	31.287595	13.548431	0
284.718750	1.255973	1.156147	31.325158	14.266579	0
285.250000	1.260989	1.157544	31.283838	14.144044	0
285.703125	1.249814	1.159196	31.235006	14.417034	0
286.187500	1.246957	1.161483	31.167393	14.486832	0
286.625000	1.244672	1.163516	31.107291	14.542671	0
287.109375	1.273433	1.162627	31.133586	13.840033	0
287.593750	1.240926	1.164660	31.073485	14.634185	0
288.062500	1.249814	1.165422	31.050947	14.417034	0
288.546875	1.257243	1.166311	31.024652	14.235558	0
289.031250	1.267147	1.170631	30.896937	13.993590	0
289.578125	1.231783	1.171267	30.878156	14.857540	0
289.984375	1.239592	1.172029	30.855618	14.666757	0
290.468750	1.240227	1.172283	30.848105	14.651246	0
290.906250	1.215085	1.174443	30.784248	15.265473	0
291.390625	1.204800	1.177874	30.682827	15.516747	0
291.937500	1.221879	1.178636	30.660289	15.099508	0
292.421875	1.224101	1.180161	30.615213	15.045220	0
292.875000	1.207911	1.182321	30.551356	15.440744	0
293.343750	1.223847	1.182575	30.543843	15.051424	0
293.875000	1.215847	1.184099	30.498768	15.246860	0
294.281250	1.178832	1.189309	30.344758	16.151138	0
294.765625	1.200927	1.190071	30.322220	15.611363	0
295.250000	1.178006	1.191723	30.273388	16.171302	0
295.734375	1.171213	1.190834	30.299683	16.337267	0
296.265625	1.183086	1.194899	30.179480	16.047215	0
296.750000	1.196927	1.194645	30.186993	15.709081	0
297.234375	1.176356	1.197314	30.108110	16.211630	0
297.656250	1.160420	1.199855	30.032984	16.600950	0
298.140625	1.143595	1.199474	30.044253	17.011985	0
298.687500	1.156737	1.202523	29.954101	16.690912	0
299.187500	1.132928	1.206462	29.837655	17.272566	0
299.671875	1.144039	1.203666	29.920294	17.001128	0
300.156250	1.135277	1.208241	29.785067	17.215176	0
300.671875	1.131595	1.209130	29.758772	17.305139	0
301.093750	1.158324	1.210401	29.721209	16.652135	0
301.578125	1.156229	1.213323	29.634814	16.703321	0
302.015625	1.141817	1.213450	29.631058	17.055415	0
302.500000	1.117373	1.216118	29.552175	17.652580	0
303.031250	1.130262	1.215864	29.559687	17.337711	0
303.515625	1.125055	1.219803	29.443242	17.464899	0
303.968750	1.114135	1.220565	29.420704	17.731685	0
304.437500	1.094770	1.221836	29.383140	18.204763	0
304.921875	1.125627	1.224885	29.292989	17.450940	0
305.421875	1.085374	1.226156	29.255425	18.434322	0
305.890625	1.087469	1.227680	29.210350	18.383137	0
306.343750	1.063787	1.229968	29.142736	18.961688	0
306.828125	1.082136	1.230222	29.135223	18.513427	0
307.375000	1.087723	1.232382	29.071366	18.376933	0
307.796875	1.097310	1.234287	29.015021	18.142720	0
308.281250	1.078644	1.235939	28.966189	18.598737	0
308.765625	1.072675	1.236956	28.936138	18.744538	0
309.265625	1.060930	1.239243	28.868524	19.031487	0
309.875000	1.065565	1.241657	28.797154	18.918258	0
310.390625	1.065501	1.242546	28.770860	18.919809	0
310.859375	1.054835	1.245723	28.676952	19.180390	0
311.359375	1.035533	1.247120	28.635633	19.651918	0
311.937500	1.038962	1.249534	28.564263	19.568159	0
312.328125	1.058962	1.252711	28.470355	19.079570	0
312.812500	1.048422	1.251949	28.492892	19.337049	0
313.296875	1.043089	1.254490	28.417766	19.467339	0
313.781250	1.019597	1.254490	28.417766	20.041238	0
314.343750	1.042010	1.255252	28.395228	19.493708	0
314.812500	1.039152	1.258429	28.301320	19.563506	0
315.265625	1.038454	1.260970	28.226194	19.580568	0
315.718750	1.021692	1.261732	28.203656	19.990052	0
316.250000	1.033756	1.263511	28.151067	19.695348	0
316.671875	1.055279	1.263384	28.154824	19.169533	0
317.156250	1.068231	1.267450	28.034621	18.853113	0
317.640625	1.050581	1.268593	28.000814	19.284312	0
318.125000	1.061311	1.269356	27.978277	19.022180	0
318.687500	1.044676	1.271134	27.925688	19.428563	0
319.171875	1.054581	1.273167	27.865587	19.186595	0
319.640625	1.043597	1.276217	27.775435	19.454931	0
320.062500	1.025692	1.274311	27.831780	19.892335	0
320.546875	1.023026	1.278758	27.700309	19.957480	0
321.093750	1.027915	1.281807	27.610157	19.838047	0
321.578125	1.037311	1.282570	27.587619	19.608487	0
322.046875	1.047851	1.284857	27.520005	19.351009	0
322.531250	1.031407	1.286000	27.486199	19.752738	0
323.078125	1.022391	1.288541	27.411072	19.972990	0
323.500000	1.038771	1.289685	27.377265	19.572813	0
323.984375	1.038264	1.290066	27.365996	19.585221	0
324.421875	1.014962	1.292861	27.283357	20.154466	0
324.906250	1.022772	1.294132	27.245794	19.963684	0
325.453125	1.031470	1.295275	27.211987	19.751187	0
325.937500	1.020931	1.297435	27.148130	20.008665	0
326.421875	1.006455	1.299850	27.076760	20.362311	0
326.890625	1.031026	1.301628	27.024171	19.762044	0
327.437500	1.045184	1.302518	26.997877	19.416154	0
327.859375	1.035914	1.304170	26.949045	19.642611	0
328.343750	1.032613	1.306965	26.866406	19.723267	0
328.812500	1.028549	1.308744	26.813817	19.822536	0
329.265625	1.032803	1.307600	26.847624	19.718614	0
329.781250	1.039724	1.310777	26.753716	19.549547	0
330.203125	1.008486	1.313191	26.682346	20.312676	0
330.687500	1.004614	1.313699	26.667321	20.407292	0
331.171875	1.012169	1.316621	26.580925	20.222714	0
331.656250	1.003534	1.317638	26.550875	20.433660	0
332.187500	1.040105	1.318781	26.517068	19.540240	0
332.671875	1.025375	1.320687	26.460723	19.900090	0
333.156250	1.023788	1.323355	26.381840	19.938867	0
333.640625	1.024232	1.324245	26.355546	19.928009	0
334.156250	1.023470	1.325515	26.317983	19.946622	0
334.531250	1.005756	1.329962	26.186512	20.379373	0
335.015625	1.019343	1.328692	26.224075	20.047442	0
335.500000	0.999344	1.330852	26.160218	20.536031	0
335.984375	0.995217	1.332376	26.115142	20.636851	0
336.500000	0.994899	1.334791	26.043772	20.644607	0
336.984375	0.998582	1.334409	26.055041	20.554644	0
337.453125	1.036041	1.337205	25.972402	19.639509	0
337.968750	1.012677	1.339238	25.912300	20.210305	0
338.500000	1.007788	1.340254	25.882250	20.329738	0
338.906250	1.012423	1.343939	25.773317	20.216510	0
339.343750	1.017058	1.342287	25.822149	20.103281	0
339.828125	1.042327	1.345718	25.720728	19.485952	0
340.312500	1.039279	1.345972	25.713215	19.560404	0
340.812500	1.023407	1.345972	25.713215	19.948173	0
341.234375	1.026772	1.350927	25.566719	19.865966	0
341.718750	1.028613	1.352325	25.525399	19.820985	0
342.171875	1.024486	1.353214	25.499105	19.921805	0
342.640625	1.021185	1.354866	25.450273	20.002461	0
343.156250	1.004931	1.357788	25.363878	20.399537	0
343.640625	1.008486	1.358423	25.345096	20.312676	0
344.125000	1.004169	1.360329	25.288751	20.418150	0
344.609375	0.979916	1.361092	25.266213	21.010661	0
345.125000	0.992106	1.362489	25.224894	20.712854	0
345.562500	1.014264	1.366301	25.112204	20.171528	0
346.046875	0.983408	1.368334	25.052103	20.925352	0
346.531250	0.994645	1.370875	24.976977	20.650811	0
347.015625	0.986773	1.370494	24.988246	20.843145	0
347.515625	0.982074	1.372400	24.931901	20.957924	0
347.937500	0.976678	1.374941	24.856774	21.089766	0
348.390625	0.991027	1.376212	24.819211	20.739222	0
348.875000	0.975662	1.376212	24.819211	21.114583	0
349.359375	0.980043	1.377736	24.774135	21.007559	0
349.859375	0.998518	1.379007	24.736572	20.556195	0
350.343750	1.000233	1.380913	24.680227	20.514316	0
350.796875	1.007661	1.384724	24.567538	20.332840	0
351.281250	0.998963	1.385106	24.556269	20.545338	0
351.765625	0.981820	1.387139	24.496168	20.964129	0
352.250000	0.962392	1.390188	24.406016	21.438758	0
352.718750	0.968678	1.389172	24.436066	21.285201	0
353.203125	0.985757	1.393619	24.304595	20.867962	0
353.687500	0.982709	1.394381	24.282057	20.942413	0
354.234375	0.980551	1.395270	24.255763	20.995150	0
354.609375	0.975662	1.397303	24.195662	21.114583	0
355.062500	0.986392	1.398193	24.169368	20.852451	0
355.546875	0.992423	1.400734	24.094241	20.705099	0
356.015625	0.961567	1.403021	24.026628	21.458922	0
356.546875	0.960995	1.404800	23.974039	21.472882	0
357.015625	0.962329	1.404291	23.989064	21.440309	0
357.468750	0.964805	1.406960	23.910182	21.379817	0
357.906250	0.948361	1.409120	23.846324	21.781546	0
358.343750	0.973059	1.410517	23.805005	21.178177	0
358.875000	0.950012	1.411026	23.789979	21.741218	0
359.359375	0.932996	1.414202	23.696071	22.156906	0
359.843750	0.965440	1.413440	23.718609	21.364306	0
360.328125	0.947662	1.418903	23.557088	21.798608	0
360.875000	0.945377	1.418649	23.564600	21.854447	0
361.250000	0.945948	1.421063	23.493230	21.840487	0
361.703125	0.957249	1.420555	23.508255	21.564395	0
362.187500	0.945694	1.424621	23.388053	21.846691	0
362.671875	0.932488	1.425510	23.361759	22.169315	0
363.218750	0.919092	1.427289	23.309170	22.496592	0
363.703125	0.894013	1.429830	23.234044	23.109268	0
364.171875	0.920869	1.429449	23.245313	22.453162	0
364.656250	0.938266	1.432117	23.166430	22.028167	0
365.187500	0.941377	1.433261	23.132623	21.952164	0
365.593750	0.908489	1.434531	23.095060	22.755622	0
366.062500	0.911473	1.437581	23.004908	22.682721	0
366.531250	0.910965	1.438724	22.971102	22.695130	0
366.984375	0.917758	1.440503	22.918513	22.529165	0
367.531250	0.917885	1.443044	22.843387	22.526063	0
367.906250	0.918012	1.443298	22.835874	22.522961	0
368.359375	0.906711	1.444315	22.805823	22.799052	0
368.843750	0.898521	1.446983	22.726941	22.999141	0
369.328125	0.871410	1.447872	22.700646	23.661451	0
369.859375	0.889695	1.450668	22.618007	23.214741	0
370.343750	0.895410	1.451176	22.602982	23.075144	0
370.828125	0.877061	1.454225	22.512830	23.523405	0
371.343750	0.882394	1.454988	22.490293	23.393115	0
371.890625	0.882965	1.457783	22.407653	23.379155	0
372.281250	0.844935	1.458037	22.400141	24.308250	0
372.765625	0.857315	1.458672	22.381359	24.005790	0
373.265625	0.875981	1.459308	22.362578	23.549773	1
373.750000	0.882521	1.460070	22.340040	23.390012	0
374.265625	0.884680	1.458927	22.373847	23.337276	0
374.718750	0.885949	1.458927	22.373847	23.306254	0
375.203125	0.885315	1.460324	22.332527	23.321765	0
375.593750	0.861252	1.459054	22.370090	23.909623	1
376.078125	0.874267	1.460324	22.332527	23.591652	0
376.625000	0.889632	1.459689	22.351309	23.216292	0
377.109375	0.872743	1.459181	22.366334	23.628878	0
377.593750	0.854458	1.459943	22.343796	24.075588	0
378.062500	0.871918	1.457910	22.403897	23.649042	0
378.609375	0.891029	1.459816	22.347552	23.182168	0
379.031250	0.864998	1.458164	22.396385	23.818110	0
379.515625	0.867474	1.460959	22.313745	23.757618	0
380.000000	0.872997	1.460705	22.321258	23.622674	0
380.437500	0.898902	1.460197	22.336283	22.989835	0
380.984375	0.878902	1.459054	22.370090	23.478424	0
381.453125	0.865823	1.457910	22.403897	23.797946	0
381.937500	0.864299	1.457783	22.407653	23.835171	0
382.421875	0.863982	1.456767	22.437704	23.842927	0
382.875000	0.866585	1.455242	22.482780	23.779333	0
383.359375	0.889251	1.454988	22.490293	23.225598	0
383.828125	0.915155	1.451811	22.584201	22.592759	0
384.312500	0.934139	1.453082	22.546637	22.128987	0
384.796875	0.920742	1.449651	22.648058	22.456264	0
385.343750	0.941567	1.446602	22.738210	21.947511	0
385.828125	0.941377	1.445204	22.779529	21.952164	0
386.218750	0.939536	1.443044	22.843387	21.997146	0
386.671875	0.945377	1.440884	22.907244	21.854447	0
387.156250	0.947281	1.440757	22.911000	21.807914	0
387.656250	0.960805	1.440503	22.918513	21.477535	0
388.140625	0.963662	1.437072	23.019934	21.407736	0
388.578125	0.964233	1.435675	23.061253	21.393777	0
388.968750	0.962900	1.434531	23.095060	21.426349	0
389.421875	0.967725	1.431228	23.192724	21.308468	0
389.968750	0.966583	1.431609	23.181455	21.336387	0
390.421875	0.982963	1.429957	23.230288	20.936209	0
390.906250	0.986963	1.428941	23.260338	20.838491	0
391.375000	0.963535	1.424621	23.388053	21.410839	0
391.921875	0.951726	1.423604	23.418104	21.699339	0
392.343750	0.990646	1.424494	23.391809	20.748529	0
392.828125	0.991027	1.420936	23.496986	20.739222	0
393.265625	0.986328	1.420682	23.504499	20.854002	0
393.703125	1.011661	1.418776	23.560844	20.235122	0
394.250000	0.989185	1.416870	23.617189	20.784204	0
394.734375	0.998137	1.414456	23.688559	20.565502	0
395.203125	0.984995	1.411788	23.767441	20.886575	0
395.687500	0.971979	1.410898	23.793736	21.204545	0
396.125000	0.989376	1.411153	23.786223	20.779550	0
396.671875	0.978773	1.409374	23.838812	21.038580	0
397.140625	0.975344	1.406197	23.932720	21.122338	0
397.593750	0.986582	1.404673	23.977795	20.847798	0
398.078125	0.985884	1.401877	24.060434	20.864860	0
398.578125	0.988487	1.402131	24.052922	20.801265	0
398.968750	0.993122	1.399209	24.139317	20.688037	0
399.421875	0.985249	1.398574	24.158099	20.880370	0
399.859375	1.011280	1.395143	24.259519	20.244429	0
400.343750	1.024423	1.397049	24.203175	19.923356	0
400.875000	1.000550	1.394000	24.293326	20.506561	0
401.296875	0.990011	1.390315	24.402260	20.764040	0
401.781250	1.012232	1.390442	24.398503	20.221163	0
402.265625	1.008105	1.388282	24.462361	20.321983	0
402.718750	1.016359	1.384852	24.563781	20.120343	0
403.265625	0.998709	1.382183	24.642664	20.551542	0
403.750000	0.999026	1.382946	24.620126	20.543787	0
404.203125	0.999217	1.381675	24.657689	20.539133	0
404.656250	1.002582	1.380150	24.702765	20.456926	0
405.031250	1.003026	1.378499	24.751597	20.446069	0
405.546875	1.020042	1.377863	24.770379	20.030380	0
406.031250	1.005756	1.375576	24.837993	20.379373	0
406.515625	1.013756	1.372908	24.916875	20.183937	0
406.968750	1.014772	1.371383	24.961951	20.159120	0
407.468750	1.008232	1.370113	24.999515	20.318881	0
407.859375	1.019724	1.367953	25.063372	20.038136	0
408.343750	1.024613	1.368588	25.044590	19.918703	0
408.796875	1.022518	1.365539	25.134742	19.969888	0
409.250000	1.027597	1.363633	25.191087	19.845802	0
409.796875	1.028930	1.361600	25.251188	19.813230	0
410.187500	1.021248	1.360583	25.281239	20.000910	0
410.671875	1.012931	1.358296	25.348852	20.204101	0
411.156250	1.014201	1.355882	25.420222	20.173079	0
411.593750	1.033946	1.356136	25.412710	19.690695	0
412.140625	1.039787	1.353722	25.484080	19.547995	0
412.625000	1.037184	1.351054	25.562963	19.611590	0
413.078125	1.056168	1.351562	25.547937	19.147818	0
413.562500	1.025311	1.348640	25.634333	19.901641	0
414.031250	1.022264	1.345972	25.713215	19.976093	0
414.515625	1.025946	1.344066	25.769560	19.886130	0
415.000000	1.034518	1.344066	25.769560	19.676735	0
415.437500	1.030962	1.342033	25.829661	19.763595	0
415.890625	1.021312	1.342287	25.822149	19.999359	0
416.421875	1.060803	1.339111	25.916057	19.034589	0
416.843750	1.031914	1.336188	26.002452	19.740329	0
417.328125	1.030835	1.335934	26.009965	19.766697	0
417.765625	1.048295	1.335934	26.009965	19.340151	0
418.234375	1.017693	1.333393	26.085091	20.087770	0
418.781250	1.042454	1.331487	26.141436	19.482850	0
419.203125	1.067787	1.330852	26.160218	18.863971	0
419.687500	1.050390	1.327040	26.272907	19.288966	0
420.171875	1.051343	1.326786	26.280420	19.265700	0
420.609375	1.027343	1.323737	26.370571	19.852007	0
421.140625	1.050644	1.321577	26.434429	19.282761	0
421.625000	1.051724	1.318908	26.513312	19.256393	0
422.078125	1.064612	1.319925	26.483261	18.941524	0
422.562500	1.065819	1.316113	26.595951	18.912054	0
423.109375	1.072168	1.316240	26.592194	18.756946	0
423.484375	1.067850	1.314588	26.641027	18.862420	0
423.937500	1.066644	1.312301	26.708640	18.891890	0
424.375000	1.060041	1.312682	26.697371	19.053202	0
424.859375	1.054200	1.311031	26.746203	19.195901	0
425.406250	1.045755	1.307981	26.836355	19.402194	0
425.796875	1.058390	1.306330	26.885187	19.093530	0
426.281250	1.076739	1.304042	26.952801	18.645269	0
426.765625	1.073691	1.300866	27.046709	18.719721	0
427.250000	1.046898	1.302772	26.990364	19.374275	0
427.796875	1.048549	1.301120	27.039196	19.333947	0
428.250000	1.042771	1.297944	27.133104	19.475095	0
428.734375	1.048232	1.294767	27.227013	19.341702	0
429.218750	1.046708	1.295530	27.204475	19.378928	0
429.718750	1.059342	1.293115	27.275845	19.070264	0
430.140625	1.043470	1.289939	27.369753	19.458033	0
430.625000	1.040422	1.289812	27.373509	19.532485	0
431.062500	1.062898	1.289939	27.369753	18.983404	0
431.546875	1.050327	1.286000	27.486199	19.290517	0
432.093750	1.045692	1.285873	27.489955	19.403745	0
432.468750	1.063279	1.281807	27.610157	18.974097	0
432.953125	1.053057	1.280664	27.643964	19.223820	0
433.437500	1.047025	1.279901	27.666502	19.371173	0
433.875000	1.042073	1.279012	27.692796	19.492157	0
434.421875	1.066390	1.275963	27.782948	18.898094	0
434.906250	1.087850	1.274946	27.812998	18.373830	0
435.421875	1.078961	1.274057	27.839293	18.590981	0
435.937500	1.082390	1.269864	27.963251	18.507223	0
436.453125	1.087786	1.268974	27.989546	18.375381	0
436.875000	1.055660	1.267577	28.030865	19.160226	0
437.343750	1.055597	1.266560	28.060916	19.161777	0
437.796875	1.075215	1.263130	28.162336	18.682495	0
438.281250	1.054581	1.263130	28.162336	19.186595	0
438.828125	1.061057	1.261605	28.207412	19.028385	0
439.312500	1.075660	1.259445	28.271270	18.671637	0
439.796875	1.064168	1.257920	28.316345	18.952382	0
440.281250	1.069184	1.256142	28.368934	18.829847	0
440.812500	1.073691	1.252711	28.470355	18.719721	0
441.218750	1.086389	1.252711	28.470355	18.409505	0
441.703125	1.091850	1.251186	28.515430	18.276113	0
442.140625	1.089374	1.250424	28.537968	18.336605	0
442.593750	1.100738	1.248772	28.586800	18.058962	0
443.140625	1.094072	1.245850	28.673196	18.221825	0
443.562500	1.133055	1.243436	28.744566	17.269464	0
444.046875	1.117309	1.244960	28.699490	17.654131	0
444.531250	1.119595	1.242927	28.759591	17.598292	0
444.984375	1.112230	1.240767	28.823449	17.778217	0
445.531250	1.150007	1.237972	28.906088	16.855326	0
446.015625	1.137753	1.235304	28.984970	17.154684	0
446.500000	1.139023	1.233017	29.052584	17.123663	0
446.953125	1.133880	1.233144	29.048828	17.249300	0
447.484375	1.137944	1.233017	29.052584	17.150031	0
447.906250	1.164800	1.229459	29.157761	16.493925	0
448.390625	1.153944	1.228570	29.184055	16.759160	0
448.875000	1.165054	1.225520	29.274207	16.487721	0
449.359375	1.195784	1.222725	29.356846	15.737000	0
449.890625	1.178133	1.222598	29.360602	16.168199	0
450.375000	1.165118	1.220565	29.420704	16.486170	0
450.859375	1.197816	1.218786	29.473292	15.687366	0
451.281250	1.197752	1.217770	29.503343	15.688917	0
451.734375	1.216291	1.215737	29.563444	15.236002	0
452.281250	1.205434	1.214339	29.604763	15.501236	0
452.765625	1.210958	1.214721	29.593494	15.366293	0
453.218750	1.213942	1.212179	29.668621	15.293392	0
453.671875	1.216037	1.209003	29.762529	15.242207	0
454.203125	1.203530	1.208495	29.777554	15.547769	0
454.625000	1.230894	1.206716	29.830143	14.879255	0
455.109375	1.226132	1.205572	29.863949	14.995585	0
455.562500	1.225942	1.202269	29.961614	15.000239	0
456.015625	1.229053	1.203031	29.939076	14.924236	0
456.531250	1.230132	1.198965	30.059278	14.897868	0
456.921875	1.228926	1.198330	30.078060	14.927338	0
457.359375	1.242957	1.196932	30.119379	14.584550	0
457.843750	1.249497	1.194137	30.202018	14.424789	0
458.328125	1.271147	1.192739	30.243338	13.895872	0
458.875000	1.274385	1.189944	30.325977	13.816767	0
459.328125	1.263719	1.189309	30.344758	14.077348	0
459.796875	1.262576	1.188165	30.378565	14.105267	0
460.187500	1.272925	1.186895	30.416128	13.852442	0
460.687500	1.257687	1.184608	30.483742	14.224700	0
461.218750	1.283972	1.181812	30.566381	13.582555	0
461.703125	1.291591	1.181685	30.570138	13.396425	0
462.187500	1.298956	1.178001	30.679071	13.216500	0
462.671875	1.315273	1.176349	30.727903	12.817874	0
463.218750	1.319527	1.174951	30.769223	12.713952	0
463.609375	1.306702	1.171775	30.863131	13.027269	0
464.093750	1.304607	1.173045	30.825567	13.078455	0
464.578125	1.312416	1.171902	30.859374	12.887672	0
465.062500	1.296226	1.169234	30.938257	13.283197	0
465.609375	1.318194	1.167328	30.994602	12.746524	0
466.078125	1.314892	1.167709	30.983333	12.827180	0
466.562500	1.310702	1.164278	31.084753	12.929551	0
467.015625	1.307718	1.162627	31.133586	13.002452	0
467.453125	1.316670	1.161610	31.163636	12.783750	0
467.953125	1.334574	1.157671	31.280082	12.346346	0
468.421875	1.354003	1.156147	31.325158	11.871717	0
468.906250	1.362002	1.156274	31.321402	11.676281	0
469.390625	1.367018	1.153224	31.411553	11.553746	0
469.937500	1.360923	1.153224	31.411553	11.702650	0
470.359375	1.332352	1.151318	31.467898	12.400634	0
470.843750	1.343336	1.148523	31.550537	12.132298	0
471.328125	1.370574	1.146617	31.606882	11.466886	0
471.812500	1.355336	1.146363	31.614395	11.839144	0
472.359375	1.366574	1.145347	31.644445	11.564604	0
472.843750	1.385367	1.142297	31.734597	11.105485	0
473.328125	1.396287	1.139375	31.820992	10.838700	0
473.812500	1.395081	1.136707	31.899875	10.868170	0
474.328125	1.397430	1.136453	31.907388	10.810780	0
474.703125	1.396668	1.134420	31.967489	10.829393	0
475.156250	1.402446	1.134674	31.959976	10.688245	0
475.609375	1.396414	1.132768	32.016321	10.835598	0
476.062500	1.416287	1.130608	32.080178	10.350111	0
476.609375	1.401176	1.130100	32.095204	10.719267	0
477.078125	1.385621	1.128321	32.147792	11.099281	0
477.500000	1.386065	1.127050	32.185355	11.088423	0
477.953125	1.402763	1.125526	32.230431	10.680490	0
478.437500	1.400287	1.122603	32.316827	10.740982	0
478.953125	1.391780	1.120316	32.384440	10.948826	0
479.437500	1.402065	1.119681	32.403222	10.697552	0
479.921875	1.411716	1.115869	32.515912	10.461788	0
480.406250	1.398954	1.115615	32.523424	10.773555	0
480.953125	1.406319	1.113074	32.598551	10.593630	0
481.359375	1.441112	1.113582	32.583525	9.743640	0
481.843750	1.442572	1.109262	32.711240	9.707965	0
482.296875	1.431144	1.107610	32.760072	9.987159	0
482.781250	1.448540	1.106975	32.778854	9.562164	0
483.328125	1.434001	1.105450	32.823930	9.917360	0
483.812500	1.437747	1.104434	32.853980	9.825847	0
484.281250	1.427398	1.100876	32.959157	10.078672	0
484.765625	1.426064	1.100114	32.981695	10.111245	0
485.281250	1.440032	1.098462	33.030527	9.770008	0
485.703125	1.435779	1.098462	33.030527	9.873930	0
486.156250	1.475651	1.094778	33.139461	8.899854	0
486.625000	1.482127	1.095032	33.131948	8.741644	0
487.062500	1.478190	1.091601	33.233369	8.837811	0
487.562500	1.476794	1.091347	33.240881	8.871935	0
487.968750	1.463143	1.089314	33.300983	9.205416	0
488.453125	1.474317	1.086519	33.383622	8.932427	0
488.937500	1.480539	1.086138	33.394891	8.780421	0
489.406250	1.463460	1.085629	33.409916	9.197661	0
489.953125	1.462762	1.081309	33.537631	9.214723	0
490.406250	1.466381	1.081818	33.522605	9.126311	0
490.828125	1.497809	1.077625	33.646564	8.358528	0
491.312500	1.495650	1.076354	33.684127	8.411265	0
491.781250	1.469492	1.074702	33.732959	9.050308	0
492.312500	1.496349	1.072796	33.789304	8.394203	0
492.812500	1.500920	1.072923	33.785548	8.282525	0
493.250000	1.476476	1.069874	33.875700	8.879690	0
493.734375	1.478190	1.067714	33.939557	8.837811	0
494.234375	1.485111	1.066952	33.962095	8.668744	0
494.656250	1.483714	1.066062	33.988389	8.702867	0
495.140625	1.482762	1.063394	34.067272	8.726133	0
495.593750	1.498888	1.060980	34.138642	8.332160	0
496.078125	1.489047	1.060599	34.149911	8.572577	0
496.625000	1.491396	1.059455	34.183718	8.515187	0
497.015625	1.505745	1.057041	34.255088	8.164644	0
497.500000	1.512856	1.055008	34.315189	7.990923	0
497.937500	1.497872	1.053357	34.364021	8.356977	0
498.421875	1.529300	1.051451	34.420366	7.589194	0
498.968750	1.528284	1.050434	34.450417	7.614011	0
499.421875	1.537554	1.048274	34.514274	7.387554	0
499.906250	1.537173	1.047258	34.544325	7.396861	0
500.359375	1.543903	1.045225	34.604426	7.232447	0
500.734375	1.543522	1.044462	34.626964	7.241753	0
501.250000	1.543903	1.042302	34.690821	7.232447	0
501.703125	1.547840	1.038237	34.811023	7.136280	0
502.187500	1.551522	1.039253	34.780973	7.046317	0
502.640625	1.551903	1.036204	34.871124	7.037011	0
503.078125	1.553744	1.035822	34.882393	6.992030	0
503.515625	1.530888	1.033408	34.953763	7.550417	0
504.000000	1.526507	1.032646	34.976301	7.657442	0
504.437500	1.564538	1.031248	35.017621	6.728347	0
504.921875	1.557617	1.030613	35.036403	6.897414	0
505.421875	1.564792	1.027564	35.126554	6.722142	0
505.812500	1.569617	1.025912	35.175386	6.604260	0
506.296875	1.573363	1.026547	35.156605	6.512747	0
506.734375	1.574569	1.023498	35.246756	6.483276	0
507.187500	1.563776	1.021211	35.314370	6.746959	0
507.734375	1.564792	1.018288	35.400766	6.722142	0
508.125000	1.560855	1.016510	35.453354	6.818309	0
508.578125	1.580474	1.013714	35.535993	6.339026	0
509.062500	1.584283	1.013714	35.535993	6.245962	0
509.500000	1.583585	1.012825	35.562287	6.263024	0
510.000000	1.578886	1.012063	35.584825	6.377803	0
510.437500	1.571141	1.010030	35.644926	6.567035	0
510.875000	1.564855	1.006726	35.742591	6.720591	0
511.359375	1.583013	1.005201	35.787667	6.276983	0
511.843750	1.569680	1.005074	35.791423	6.602709	0
512.390625	1.556792	1.001898	35.885331	6.917578	0
512.859375	1.572664	0.999611	35.952945	6.529809	0
513.343750	1.578315	0.999738	35.949188	6.391763	0
513.828125	1.602188	0.998721	35.979239	5.808558	0
514.375000	1.596727	0.997705	36.009289	5.941951	0
514.765625	1.598061	0.992877	36.152030	5.909378	0
515.218750	1.595965	0.993893	36.121979	5.960564	0
515.656250	1.612600	0.990590	36.219643	5.554182	0
516.156250	1.615584	0.989192	36.260963	5.481281	0
516.703125	1.621362	0.987032	36.324820	5.340133	0
517.156250	1.600346	0.983729	36.422485	5.853539	0
517.640625	1.607775	0.982331	36.463804	5.672063	0
518.109375	1.593108	0.981187	36.497611	6.030362	0
518.578125	1.610060	0.980933	36.505124	5.616225	0
519.078125	1.611394	0.977376	36.610301	5.583652	0
519.531250	1.614759	0.977376	36.610301	5.501445	0
519.968750	1.588029	0.974707	36.689183	6.154448	0
520.453125	1.595775	0.973691	36.719234	5.965217	0
521.000000	1.596346	0.971912	36.771823	5.951257	0
521.859375	1.628346	0.970896	36.801873	5.169514	0
522.343750	1.591775	0.965305	36.967151	6.062935	0
522.812500	1.616981	0.964670	36.985933	5.447157	0
523.359375	1.633361	0.961620	37.076084	5.046979	0
523.843750	1.626187	0.961493	37.079841	5.222251	0
524.234375	1.631838	0.960350	37.113648	5.084205	0
524.687500	1.627647	0.959460	37.139942	5.186576	0
525.140625	1.608600	0.957428	37.200043	5.651899	0
525.687500	1.629362	0.953362	37.320245	5.144697	0
526.156250	1.625298	0.953108	37.327758	5.243966	0
526.593750	1.645171	0.950948	37.391615	4.758479	0
527.078125	1.646250	0.949169	37.444204	4.732111	0
527.531250	1.622822	0.947644	37.489280	5.304458	0
528.015625	1.641171	0.944849	37.571919	4.856197	0
528.500000	1.649361	0.944722	37.575675	4.656108	0
528.984375	1.638250	0.942308	37.647045	4.927547	0
529.468750	1.640218	0.940275	37.707146	4.879463	0
529.984375	1.651139	0.938877	37.748466	4.612678	0
530.390625	1.637742	0.936463	37.819836	4.939955	0
530.875000	1.636599	0.933286	37.913744	4.967875	0
531.328125	1.646758	0.933286	37.913744	4.719702	0
531.828125	1.659520	0.931889	37.955063	4.407936	0
532.359375	1.646631	0.930745	37.988870	4.722804	0
532.843750	1.646060	0.927569	38.082778	4.736764	0
533.296875	1.648028	0.926298	38.120342	4.688681	0
533.750000	1.662885	0.925155	38.154148	4.325729	0
534.218750	1.653996	0.923249	38.210493	4.542880	0
534.718750	1.640536	0.922486	38.233031	4.871708	0
535.187500	1.627266	0.919945	38.308158	5.195883	0
535.671875	1.635520	0.918166	38.360746	4.994243	0
536.156250	1.656409	0.917658	38.375771	4.483939	0
536.703125	1.670757	0.913974	38.484705	4.133395	0
537.125000	1.681297	0.913719	38.492217	3.875917	0
537.609375	1.677614	0.911178	38.567344	3.965879	0
538.062500	1.679964	0.910162	38.597394	3.908489	0
538.500000	1.684916	0.908129	38.657495	3.787505	0
539.015625	1.668154	0.904444	38.766429	4.196989	0
539.500000	1.689487	0.905207	38.743891	3.675828	0
539.984375	1.683202	0.902665	38.819017	3.829384	0
540.468750	1.656916	0.900378	38.886631	4.471530	0
540.953125	1.659520	0.901014	38.867849	4.407936	0
541.406250	1.659647	0.895550	39.029371	4.404834	0
541.843750	1.671329	0.896948	38.988052	4.119436	0
542.328125	1.662631	0.895550	39.029371	4.331933	0
542.812500	1.677043	0.892247	39.127035	3.979839	0
543.359375	1.680599	0.892501	39.119523	3.892978	0
543.750000	1.692471	0.888816	39.228456	3.602927	0
544.234375	1.696281	0.886529	39.296070	3.509862	0
544.718750	1.702630	0.885131	39.337389	3.354755	0
545.171875	1.703328	0.884877	39.344902	3.337693	0
545.671875	1.691519	0.882844	39.405003	3.626193	0
546.156250	1.681868	0.880303	39.480129	3.861957	0
546.640625	1.680408	0.878524	39.532718	3.897632	0
547.078125	1.673170	0.877381	39.566525	4.074454	0
547.562500	1.684725	0.875856	39.611601	3.792158	0
548.046875	1.684344	0.874967	39.637895	3.801465	0
548.500000	1.677360	0.873442	39.682971	3.972083	0
548.953125	1.686059	0.869376	39.803173	3.759586	0
549.437500	1.706884	0.872807	39.701752	3.250833	0
549.984375	1.678821	0.867978	39.844493	3.936409	0
550.390625	1.715074	0.866327	39.893325	3.050744	0
550.875000	1.706820	0.863277	39.983476	3.252384	0
551.359375	1.705868	0.861880	40.024796	3.275650	0
551.812500	1.712153	0.862388	40.009771	3.122093	0
552.312500	1.703519	0.859847	40.084897	3.333040	0
552.796875	1.692090	0.857306	40.160023	3.612233	0
553.281250	1.723709	0.855781	40.205099	2.839797	0
553.750000	1.719899	0.854129	40.253931	2.932862	0
554.140625	1.722883	0.850699	40.355352	2.859961	0
554.656250	1.723836	0.850571	40.359108	2.836695	0
555.093750	1.699328	0.848539	40.419210	3.435411	0
555.578125	1.713423	0.847014	40.464285	3.091072	0
556.062500	1.733232	0.847014	40.464285	2.607136	0
556.609375	1.726439	0.845362	40.513118	2.773101	0
556.984375	1.694503	0.843710	40.561950	3.553293	0
557.468750	1.714249	0.840915	40.644589	3.070908	0
557.953125	1.730566	0.839390	40.689665	2.672281	0
558.437500	1.739137	0.836976	40.761035	2.462886	0
558.984375	1.743518	0.835960	40.791085	2.355861	0
559.437500	1.738438	0.835070	40.817380	2.479948	0
559.875000	1.741423	0.831894	40.911288	2.407047	0
560.265625	1.739518	0.828972	40.997683	2.453579	0
560.718750	1.725423	0.830750	40.945094	2.797918	0
561.265625	1.711201	0.826430	41.072809	3.145359	0
561.781250	1.717677	0.824525	41.129154	2.987150	0
562.312500	1.708217	0.823508	41.159205	3.218260	0
562.812500	1.730756	0.821856	41.208037	2.667628	0
563.390625	1.717741	0.819315	41.283163	2.985599	0
563.890625	1.727010	0.817536	41.335752	2.759141	0
564.390625	1.728343	0.815249	41.403365	2.726569	0
564.843750	1.747137	0.814741	41.418391	2.267450	0
565.312500	1.733677	0.813089	41.467223	2.596278	0
565.812500	1.710566	0.810929	41.531080	3.160870	0
566.296875	1.702947	0.809023	41.587425	3.346999	0
566.828125	1.730185	0.806863	41.651283	2.681587	0
567.968750	1.722820	0.804958	41.707627	2.861512	0
568.390625	1.718121	0.802416	41.782754	2.976292	0
568.843750	1.727899	0.801019	41.824073	2.737426	0
569.515625	1.738312	0.799875	41.857880	2.483050	0
570.000000	1.743835	0.794412	42.019402	2.348106	0
570.484375	1.731391	0.794031	42.030671	2.652117	0
570.953125	1.716090	0.792760	42.068234	3.025927	0
571.468750	1.737994	0.789202	42.173411	2.490805	0
571.953125	1.772216	0.788186	42.203462	1.654775	0
572.500000	1.747010	0.787678	42.218487	2.270552	0
572.968750	1.761295	0.785264	42.289857	1.921560	0
573.390625	1.734883	0.783739	42.334933	2.566808	0
573.875000	1.732661	0.781579	42.398790	2.621095	0
574.328125	1.758756	0.780308	42.436354	1.983603	0
574.890625	1.745740	0.777386	42.522749	2.301574	0
575.359375	1.749613	0.775988	42.564068	2.206958	0
575.812500	1.742057	0.774591	42.605388	2.391536	0
576.296875	1.736153	0.772685	42.661733	2.535786	0
576.796875	1.752724	0.774337	42.612901	2.130955	0
577.234375	1.746311	0.769508	42.755641	2.287614	0
577.671875	1.726947	0.768746	42.778179	2.760692	0
578.171875	1.735264	0.765061	42.887112	2.557501	0
578.656250	1.755898	0.765697	42.868330	2.053401	0
579.187500	1.742057	0.763791	42.924675	2.391536	0
579.671875	1.754121	0.763155	42.943457	2.096832	0
580.093750	1.742375	0.760487	43.022340	2.383781	0
580.578125	1.740470	0.759217	43.059903	2.430313	0
581.031250	1.754629	0.756294	43.146298	2.084423	0
581.578125	1.776914	0.755024	43.183861	1.539995	0
582.062500	1.769041	0.754642	43.195130	1.732329	0
582.546875	1.777104	0.752101	43.270257	1.535342	0
583.031250	1.769231	0.749179	43.356652	1.727675	0
583.578125	1.787898	0.746130	43.446804	1.271659	0
583.984375	1.780279	0.746257	43.443047	1.457788	0
584.468750	1.783453	0.744351	43.499392	1.380234	0
584.937500	1.751518	0.745494	43.465585	2.160426	0
585.406250	1.786120	0.741683	43.578275	1.315089	0
585.953125	1.767263	0.739141	43.653401	1.775759	0
586.437500	1.791453	0.737108	43.713503	1.184798	0
586.921875	1.784596	0.737871	43.690965	1.352315	0
587.406250	1.780152	0.734313	43.796142	1.460890	0
587.921875	1.787263	0.732026	43.863755	1.287170	0
588.343750	1.790755	0.731899	43.867512	1.201860	0
588.781250	1.762501	0.728723	43.961420	1.892089	0
589.265625	1.762628	0.728214	43.976445	1.888987	0
589.718750	1.758311	0.726309	44.032790	1.994461	0
590.234375	1.760724	0.724530	44.085378	1.935520	0
590.609375	1.786882	0.721480	44.175530	1.296476	0
591.093750	1.800596	0.719701	44.228118	0.961443	0
591.578125	1.794945	0.720083	44.216849	1.099489	0
592.062500	1.795453	0.717541	44.291976	1.087081	0
592.609375	1.783009	0.716398	44.325783	1.391092	0
593.093750	1.786945	0.714365	44.385884	1.294925	0
593.578125	1.784787	0.712459	44.442229	1.347662	0
594.062500	1.776025	0.711189	44.479792	1.561710	0
594.500000	1.792342	0.707377	44.592481	1.163083	0
594.984375	1.775644	0.706614	44.615019	1.571017	0
595.468750	1.779771	0.706614	44.615019	1.470197	0
595.906250	1.807834	0.705090	44.660095	0.784621	0
596.390625	1.803262	0.701913	44.754003	0.896298	0
596.937500	1.792850	0.700516	44.795323	1.150675	0
597.359375	1.765930	0.698737	44.847911	1.808331	0
597.843750	1.784342	0.697975	44.870449	1.358519	0
598.328125	1.780723	0.695433	44.945576	1.446930	0
598.781250	1.798183	0.696577	44.911769	1.020384	0
599.328125	1.790882	0.691113	45.073290	1.198758	0
599.812500	1.789295	0.689716	45.114610	1.237535	0
600.265625	1.804215	0.688318	45.155930	0.873032	0
600.750000	1.811707	0.686539	45.208518	0.690005	0
601.234375	1.811961	0.686285	45.216031	0.683801	0
601.687500	1.812278	0.684506	45.268619	0.676045	0
602.125000	1.817802	0.682600	45.324964	0.541102	0
602.609375	1.793358	0.679932	45.403847	1.138266	0
603.093750	1.793548	0.680313	45.392578	1.133613	0
603.593750	1.811580	0.679043	45.430141	0.693107	0
604.015625	1.775771	0.674088	45.576637	1.567914	0
604.500000	1.795199	0.672817	45.614201	1.093285	0
604.984375	1.801421	0.673833	45.584150	0.941279	0
605.421875	1.802120	0.671292	45.659276	0.924218	0
605.937500	1.785422	0.668751	45.734403	1.332151	0
606.421875	1.788152	0.667353	45.775722	1.265454	0
606.875000	1.787580	0.666972	45.786991	1.279414	0
607.250000	1.817929	0.664304	45.865874	0.537999	0
607.734375	1.818627	0.664050	45.873387	0.520938	0
608.234375	1.814564	0.661382	45.952269	0.620207	0
608.718750	1.817738	0.660619	45.974807	0.542653	0
609.203125	1.827325	0.658714	46.031152	0.308440	0
609.671875	1.811770	0.656808	46.087497	0.688454	0
610.218750	1.804278	0.654394	46.158867	0.871481	0
610.640625	1.791263	0.653885	46.173892	1.189452	0
611.125000	1.785485	0.650836	46.264044	1.330600	0
611.578125	1.781866	0.650455	46.275313	1.419011	0
612.062500	1.783453	0.647151	46.372977	1.380234	0
612.578125	1.787834	0.645499	46.421809	1.273210	0
613.062500	1.787580	0.646008	46.406784	1.279414	0
613.515625	1.786310	0.642323	46.515717	1.310436	0
613.937500	1.788977	0.643339	46.485667	1.245290	0
614.343750	1.791834	0.640798	46.560793	1.175492	0
614.859375	1.799643	0.639147	46.609626	0.984710	0
615.343750	1.808088	0.636859	46.677239	0.778416	0
615.828125	1.811707	0.634699	46.741097	0.690005	0
616.281250	1.789231	0.634572	46.744853	1.239086	0
616.812500	1.788152	0.632158	46.816223	1.265454	0
617.203125	1.795771	0.630252	46.872568	1.079325	0
617.687500	1.792596	0.627838	46.943938	1.156879	0
618.171875	1.794501	0.627076	46.966476	1.110347	0
618.625000	1.792406	0.625551	47.011552	1.161532	0
619.140625	1.799326	0.624154	47.052871	0.992465	0
619.625000	1.796405	0.622756	47.094191	1.063814	0
620.062500	1.797548	0.621231	47.139267	1.035895	0
620.468750	1.799580	0.618563	47.218149	0.986261	0
620.921875	1.817040	0.618563	47.218149	0.559715	0
621.468750	1.801485	0.617293	47.255713	0.939728	0
621.953125	1.799643	0.614624	47.334595	0.984710	0
622.390625	1.801231	0.612591	47.394696	0.945933	0
622.843750	1.794437	0.612591	47.394696	1.111898	0
623.375000	1.818691	0.607890	47.533680	0.519387	0
623.812500	1.835325	0.604206	47.642614	0.113004	0
624.296875	1.822056	0.604333	47.638857	0.437179	0
624.781250	1.804659	0.604714	47.627588	0.862175	0
625.265625	1.811707	0.602935	47.680177	0.690005	0
625.812500	1.824151	0.600013	47.766572	0.385994	0
626.281250	1.828151	0.596328	47.875505	0.288276	0
626.765625	1.828722	0.598615	47.807892	0.274316	0
627.156250	1.838119	0.596328	47.875505	0.044757	0
627.640625	1.801485	0.596201	47.879262	0.939728	0
628.187500	1.820087	0.592897	47.976926	0.485263	0
628.671875	1.827008	0.589594	48.074590	0.316196	0
629.156250	1.835897	0.589721	48.070834	0.099045	0
629.640625	1.848341	0.587688	48.130935	-0.204966	0
630.171875	1.824976	0.585528	48.194793	0.365830	0
630.593750	1.835833	0.584257	48.232356	0.100596	0
631.078125	1.840341	0.583114	48.266163	-0.009531	0
631.531250	1.833738	0.580700	48.337533	0.151781	0
632.015625	1.814627	0.577523	48.431441	0.618655	0
632.562500	1.818373	0.577015	48.446466	0.527142	0
633.046875	1.823135	0.576761	48.453979	0.410811	0
633.484375	1.804405	0.574093	48.532862	0.868379	0
633.953125	1.822691	0.572314	48.585450	0.421669	0
634.437500	1.834309	0.570916	48.626770	0.137822	0
634.921875	1.837738	0.568883	48.686871	0.054064	0
635.406250	1.838754	0.568375	48.701896	0.029246	0
635.859375	1.846563	0.566723	48.750728	-0.161536	0
636.343750	1.855134	0.565453	48.788291	-0.370931	0
636.890625	1.844404	0.563547	48.844636	-0.108799	0
637.296875	1.810564	0.559735	48.957326	0.717924	0
637.796875	1.847579	0.559354	48.968595	-0.186353	0
638.281250	1.848785	0.557702	49.017427	-0.215824	0
638.734375	1.841611	0.556050	49.066259	-0.040552	0
639.265625	1.827579	0.554526	49.111335	0.302236	0
639.750000	1.815389	0.552747	49.163923	0.600043	0
640.234375	1.815580	0.551222	49.208999	0.595389	0
640.687500	1.811199	0.549062	49.272857	0.702414	0
641.218750	1.810691	0.549062	49.272857	0.714822	0
641.609375	1.815199	0.546140	49.359252	0.604696	0
642.078125	1.825167	0.544869	49.396815	0.361177	0
642.562500	1.813611	0.543090	49.449404	0.643473	0
643.046875	1.806564	0.541058	49.509505	0.815642	0
643.562500	1.809929	0.537627	49.610925	0.733435	0
643.953125	1.812278	0.536483	49.644732	0.676045	0
644.406250	1.825294	0.535340	49.678539	0.358075	0
644.890625	1.837357	0.535721	49.667270	0.063370	0
645.375000	1.822310	0.533180	49.742397	0.430975	0
645.921875	1.835897	0.529241	49.858843	0.099045	0
646.406250	1.843896	0.528098	49.892649	-0.096391	0
646.859375	1.829738	0.527589	49.907675	0.249499	0
647.328125	1.835008	0.526700	49.933969	0.120760	0
647.859375	1.853738	0.523905	50.016608	-0.336808	0
648.296875	1.850119	0.521109	50.099247	-0.248396	0
648.750000	1.842817	0.518949	50.163105	-0.070023	0
649.234375	1.849484	0.519331	50.151836	-0.232886	0
649.718750	1.857420	0.516789	50.226962	-0.426770	0
650.250000	1.840278	0.514502	50.294576	-0.007980	0
650.671875	1.822246	0.515392	50.268282	0.432526	0
651.156250	1.816913	0.512469	50.354677	0.562817	0
651.609375	1.815072	0.511453	50.384727	0.607798	0
652.062500	1.825167	0.510182	50.422291	0.361177	0
652.593750	1.852722	0.508022	50.486148	-0.311991	0
653.078125	1.862309	0.504719	50.583812	-0.546203	0
653.562500	1.858436	0.503321	50.625132	-0.451587	0
654.015625	1.856023	0.503321	50.625132	-0.392647	0
654.390625	1.852658	0.498874	50.756603	-0.310439	0
654.937500	1.848849	0.500399	50.711527	-0.217375	0
655.390625	1.849293	0.496841	50.816704	-0.228232	0
655.843750	1.837738	0.495062	50.869293	0.054064	0
656.328125	1.828024	0.494173	50.895587	0.291378	0
656.859375	1.835452	0.491632	50.970713	0.109902	0
657.281250	1.856341	0.490234	51.012033	-0.400402	0
657.765625	1.845674	0.488710	51.057109	-0.139821	0
658.250000	1.846563	0.487058	51.105941	-0.161536	0
658.703125	1.823516	0.485533	51.151017	0.401505	0
659.250000	1.830944	0.482230	51.248681	0.220029	0
659.734375	1.831262	0.481340	51.274975	0.212273	0
660.125000	1.827262	0.480578	51.297513	0.309991	0
660.562500	1.844214	0.477655	51.383909	-0.104146	0
661.046875	1.838309	0.475623	51.444010	0.040104	0
661.562500	1.825802	0.477020	51.402690	0.345666	0
662.031250	1.847071	0.475114	51.459035	-0.173945	0
662.515625	1.859642	0.473335	51.511624	-0.481058	0
663.000000	1.856404	0.469651	51.620557	-0.401953	0
663.437500	1.860531	0.466093	51.725734	-0.502773	0
663.890625	1.820405	0.467237	51.691927	0.477507	0
664.375000	1.847452	0.466347	51.718221	-0.183251	0
664.843750	1.868785	0.463679	51.797104	-0.704413	0
665.328125	1.847134	0.464441	51.774566	-0.175496	0
665.875000	1.857039	0.461138	51.872230	-0.417464	0
666.296875	1.829611	0.456437	52.011214	0.252601	0
666.781250	1.865801	0.457453	51.981164	-0.631512	0
667.265625	1.858055	0.454912	52.056290	-0.442281	0
667.765625	1.829294	0.454023	52.082584	0.260357	0
668.312500	1.851261	0.451609	52.153954	-0.276316	0
668.796875	1.841230	0.447416	52.277913	-0.031246	0
669.265625	1.853230	0.448559	52.244106	-0.324399	0
669.750000	1.856785	0.444747	52.356796	-0.411259	0
670.296875	1.851071	0.444747	52.356796	-0.271663	0
670.718750	1.825738	0.444112	52.375577	0.347217	0
671.203125	1.838436	0.440427	52.484511	0.037002	0
671.687500	1.837738	0.439792	52.503292	0.054064	0
672.125000	1.866118	0.438649	52.537099	-0.639268	0
672.671875	1.863198	0.436870	52.589687	-0.567918	0
673.156250	1.845166	0.435726	52.623494	-0.127412	0
673.640625	1.832405	0.434202	52.668570	0.184354	0
674.109375	1.832659	0.429373	52.811310	0.178150	0
674.625000	1.846119	0.429754	52.800041	-0.150679	0
675.062500	1.857547	0.426451	52.897706	-0.429872	0
675.531250	1.843198	0.427594	52.863899	-0.079329	0
676.015625	1.845674	0.424672	52.950294	-0.139821	0
676.500000	1.837484	0.421369	53.047959	0.060268	0
677.046875	1.843071	0.422512	53.014152	-0.076227	0
677.468750	1.826056	0.420860	53.062984	0.339462	0
677.890625	1.841103	0.416032	53.205724	-0.028144	0
678.375000	1.851579	0.415397	53.224506	-0.284071	0
678.859375	1.833674	0.414889	53.239531	0.153332	0
679.406250	1.829865	0.412983	53.295876	0.246397	0
679.843750	1.828976	0.411585	53.337195	0.268112	0
680.296875	1.844404	0.407392	53.461154	-0.108799	0
680.781250	1.832214	0.407519	53.457397	0.189007	0
681.328125	1.831452	0.406249	53.494961	0.207620	0
681.718750	1.832278	0.404216	53.555062	0.187456	0
682.171875	1.823452	0.403962	53.562574	0.403056	0
682.640625	1.818945	0.400785	53.656482	0.513182	0
683.093750	1.821802	0.399515	53.694046	0.443384	0
683.609375	1.828024	0.395703	53.806735	0.291378	0
684.031250	1.861737	0.397101	53.765416	-0.532243	0
684.515625	1.855896	0.393416	53.874349	-0.389544	0
684.953125	1.853293	0.393289	53.878105	-0.325950	0
685.437500	1.829040	0.391002	53.945719	0.266561	0
685.984375	1.827833	0.389223	53.998308	0.296032	0
686.437500	1.826881	0.387063	54.062165	0.319298	0
686.875000	1.828087	0.385284	54.114754	0.289827	0
687.265625	1.838309	0.384522	54.137291	0.040104	0
687.781250	1.850500	0.382362	54.201149	-0.257703	0
688.390625	1.849992	0.380202	54.265006	-0.245294	0
688.843750	1.842563	0.379439	54.287544	-0.063818	0
689.328125	1.848976	0.377279	54.351402	-0.220477	0
689.812500	1.825611	0.376009	54.388965	0.350319	0
690.359375	1.863642	0.374357	54.437797	-0.578776	0
690.781250	1.845738	0.372070	54.505411	-0.141372	0
691.265625	1.844404	0.370799	54.542974	-0.108799	0
691.750000	1.832532	0.368258	54.618100	0.181252	0
692.234375	1.827389	0.366988	54.655664	0.306889	0
692.750000	1.845611	0.366607	54.666933	-0.138270	0
693.234375	1.848722	0.362922	54.775866	-0.214273	0
693.687500	1.837547	0.362414	54.790891	0.058717	0
694.171875	1.846690	0.360635	54.843480	-0.164638	0
694.656250	1.839706	0.360127	54.858505	0.005980	0
695.140625	1.847515	0.356950	54.952413	-0.184802	0
695.609375	1.860404	0.357458	54.937388	-0.499671	0
696.093750	1.872531	0.354663	55.020027	-0.795926	0
696.578125	1.867325	0.352757	55.076372	-0.668738	0
697.093750	1.853484	0.350089	55.155254	-0.330603	0
697.515625	1.856023	0.348945	55.189061	-0.392647	0
698.000000	1.860785	0.347548	55.230381	-0.508977	0
698.453125	1.843325	0.347421	55.234137	-0.082431	0
698.937500	1.831262	0.345134	55.301751	0.212273	0
699.484375	1.842246	0.342465	55.380634	-0.056063	0
699.953125	1.835071	0.340560	55.436978	0.119209	0
700.406250	1.854182	0.338400	55.500836	-0.347665	0
700.890625	1.836532	0.338145	55.508348	0.083534	0
701.437500	1.838563	0.336240	55.564693	0.033900	0
701.812500	1.858880	0.336240	55.564693	-0.462445	0
702.296875	1.854499	0.331666	55.699921	-0.355421	0
702.781250	1.864277	0.329760	55.756266	-0.594287	0
703.265625	1.842881	0.328489	55.793829	-0.071574	0
703.812500	1.830754	0.326964	55.838905	0.224682	0
704.296875	1.823643	0.323788	55.932813	0.398403	0
704.781250	1.857864	0.323153	55.951594	-0.437628	0
705.265625	1.829040	0.322136	55.981645	0.266561	0
705.750000	1.845357	0.319849	56.049259	-0.132066	0
706.218750	1.834246	0.320230	56.037990	0.139373	0
706.703125	1.827262	0.318070	56.101847	0.309991	0
707.156250	1.838754	0.315148	56.188242	0.029246	0
707.640625	1.843960	0.313496	56.237075	-0.097942	0
708.156250	1.842754	0.312861	56.255856	-0.068472	0
708.531250	1.855388	0.310701	56.319714	-0.377136	0
709.015625	1.860658	0.309303	56.361033	-0.505875	0
709.468750	1.853293	0.307016	56.428647	-0.325950	0
709.953125	1.843706	0.305873	56.462454	-0.091738	0
710.484375	1.857420	0.305364	56.477479	-0.426770	0
710.968750	1.858436	0.303713	56.526311	-0.451587	0
711.406250	1.855261	0.299647	56.646513	-0.374034	0
711.796875	1.862944	0.298884	56.669051	-0.561714	0
712.250000	1.854245	0.296089	56.751690	-0.349216	0
712.796875	1.842944	0.295200	56.777985	-0.073125	0
713.281250	1.827579	0.292786	56.849355	0.302236	0
713.765625	1.825421	0.292277	56.864380	0.354972	0
714.218750	1.842754	0.289863	56.935750	-0.068472	0
714.765625	1.837865	0.286687	57.029658	0.050961	0
715.140625	1.827643	0.287576	57.003364	0.300685	0
715.625000	1.826627	0.285543	57.063465	0.325502	0
716.078125	1.841103	0.284273	57.101028	-0.028144	0
716.562500	1.846246	0.280842	57.202449	-0.153781	0
717.109375	1.851007	0.278682	57.266306	-0.270111	0
717.562500	1.863007	0.277412	57.303870	-0.563265	0
718.031250	1.845992	0.275633	57.356458	-0.147576	0
718.500000	1.863325	0.276903	57.318895	-0.571020	0
718.937500	1.839706	0.274616	57.386509	0.005980	0
719.484375	1.843643	0.272202	57.457879	-0.090187	0
719.921875	1.828595	0.268772	57.559299	0.277419	0
720.406250	1.841420	0.267501	57.596863	-0.035899	0
720.890625	1.825103	0.268263	57.574325	0.362728	0
721.437500	1.833040	0.266866	57.615644	0.168843	0
721.828125	1.830309	0.265087	57.668233	0.235540	0
722.281250	1.828913	0.260894	57.792191	0.269663	0
722.734375	1.818818	0.259751	57.825998	0.516284	0
723.218750	1.839516	0.257972	57.878587	0.010633	0
723.750000	1.854880	0.255049	57.964982	-0.364727	0
724.234375	1.859325	0.257209	57.901124	-0.473303	0
724.718750	1.853991	0.253906	57.998789	-0.343012	0
725.203125	1.858309	0.252762	58.032596	-0.448485	0
725.687500	1.859579	0.250729	58.092697	-0.479507	0
726.140625	1.842055	0.248442	58.160311	-0.051410	0
726.609375	1.829421	0.245520	58.246706	0.257255	0
727.093750	1.847642	0.243106	58.318076	-0.187904	0
727.578125	1.865293	0.243741	58.299294	-0.619104	0
728.140625	1.845357	0.240819	58.385690	-0.132066	0
728.562500	1.830119	0.238278	58.460816	0.240193	0
729.046875	1.829357	0.237388	58.487110	0.258806	0
729.500000	1.826564	0.235355	58.547212	0.327053	0
729.953125	1.826119	0.234847	58.562237	0.337911	0
730.453125	1.842690	0.233831	58.592287	-0.066920	0
730.937500	1.831452	0.232687	58.626094	0.207620	0
731.421875	1.835325	0.229892	58.708733	0.113004	0
731.906250	1.840785	0.227351	58.783860	-0.020388	0
732.343750	1.865674	0.225699	58.832692	-0.628410	0
732.843750	1.862817	0.224937	58.855230	-0.558612	0
733.328125	1.852214	0.220998	58.971676	-0.299582	0
733.812500	1.870563	0.222777	58.919087	-0.747843	0
734.296875	1.850373	0.218711	59.039290	-0.254601	0
734.843750	1.839198	0.218838	59.035533	0.018389	0
735.312500	1.839452	0.215661	59.129441	0.012184	0
735.718750	1.837166	0.215534	59.133198	0.068023	0
736.156250	1.827833	0.213247	59.200811	0.296032	0
736.640625	1.841611	0.210833	59.272181	-0.040552	0
737.187500	1.844087	0.209944	59.298476	-0.101044	0
737.640625	1.820786	0.207403	59.373602	0.468201	0
738.109375	1.831960	0.205624	59.426191	0.195212	0
738.593750	1.847071	0.205370	59.433703	-0.173945	0
739.125000	1.852404	0.203464	59.490048	-0.304235	0
739.531250	1.846881	0.200541	59.576443	-0.169291	0
739.984375	1.851769	0.200541	59.576443	-0.288724	0
740.421875	1.842690	0.200414	59.580200	-0.066920	1
740.906250	1.840341	0.197492	59.666595	-0.009531	0
741.421875	1.851642	0.196857	59.685377	-0.285622	0
741.843750	1.859706	0.198508	59.636544	-0.482609	0
742.328125	1.863134	0.199398	59.610250	-0.566367	0
742.765625	1.827008	0.199144	59.617763	0.316196	0
743.250000	1.859452	0.199779	59.598981	-0.476405	0
743.796875	1.848785	0.200414	59.580200	-0.215824	0
744.281250	1.855388	0.198381	59.640301	-0.377136	0
